1000198
1000243
1000377
1000458
1000716
1000739
1000928
1000993
1001131
1001158
1001794
1001821
1001995
1002456
1003095
1003096
1003159
1003546
1003554
1003569
1003620
1003713
1003761
1003790
1003860
1003888
1004025
1004104
1004111
1004168
1004418
1004533
1004701
1004726
1004840
1004903
1005085
1005105
1005431
1005471
1005909
1006027
1006231
1006283
1006287
1006299
1006586
1006589
1006666
1006875
1006878
1006906
1006912
1006915
1007006
1007021
1007057
1007061
1007202
1007203
1007218
1007345
1007460
1007627
1007765
1007913
1007920
1007922
1007982
1008029
1008148
1008356
1008372
1008380
1008395
1008584
1008709
1008730
1009002
1009056
1009078
1009145
1009604
1010387
1010419
1010712
1010750
1010959
1011031
1011173
1011249
1011436
1011464
1011530
1011581
1011624
1011723
1011727
1011854
1011978
1012139
1012166
1012447
1012532
1012760
1012806
1012811
1012829
1012869
1012988
1013219
1013544
1013551
1013872
1013887
1013909
1013911
1013997
1014046
1014223
1014332
1014533
1014547
1014923
1014944
1015314
1015617
1015619
1015665
1015721
1016024
1016037
1016285
1016300
1016308
1016330
1016526
1016528
1016737
1016820
1016924
1017029
1017109
1017133
1017248
1017512
1017515
1017565
1017725
1017790
1017808
1017890
1017897
1018062
1018354
1018405
1018418
1018796
1018809
1018955
1018999
1019182
1019186
1019565
1019669
1019670
1019676
1019762
1019856
1019964
1019989
1019990
1019991
1020156
1020222
1020257
1020288
1020291
1020587
1020739
1020831
1020948
1020972
1020984
1021023
1021202
1021475
1021504
1021571
1021744
1021775
1021827
1022084
1022202
1022290
1022403
1022413
1022492
1022545
1022587
1022725
1022726
1022780
1022797
1022917
1023018
1023020
1023116
1023233
1023339
1023441
1023546
1023565
1023655
1023666
1023923
1023943
1024015
1024110
1024253
1024585
1024734
1024761
1024787
1024932
1025000
1025017
1025023
1025044
1025057
1025195
1025474
1025521
1025693
1025799
1025828
1025878
1025880
1025885
1026041
1026123
1026256
1026392
1026395
1026560
1026576
1026766
1026811
1026921
1027084
1027087
1027174
1027181
1027188
1027202
1027303
1027454
1027456
1027752
1027787
1027817
1027819
1027852
1028029
1028043
1028079
1028234
1028252
1028378
1028903
1029097
1029162
1029195
1029371
1029471
1029486
1029511
1029559
1029695
1029735
1029926
1029937
1029942
1029948
1030318
1030347
1030490
1030712
1030716
1030728
1030735
1030889
1030951
1031261
1031264
1031308
1031404
1031472
1031609
1032129
1032243
1032379
1032398
1032432
1032482
1032721
1032789
1032801
1032932
1032984
1033079
1033082
1033153
1033387
1033853
1033855
1034004
1034015
1034075
1034077
1034079
1034129
1034181
1034295
1034512
1034525
1034585
1034648
1034651
1034661
1034664
1034668
1034669
1034670
1035140
1035164
1035296
1035300
1035400
1035536
1035586
1035707
1036036
1036054
1036297
1036324
1036341
1036366
1036449
1036581
1036595
1036709
1036949
1037017
1037115
1037145
1037280
1037292
1037446
1037465
1037483
1038288
1038291
1038458
1038560
1038562
1038599
1038604
1038695
1038991
1039500
1039952
1040047
1040128
1040158
1040199
1040653
1040697
1040701
1040721
1040882
1040931
1040947
1041158
1041166
1041225
1041237
1041250
1041284
1041297
1041298
1041527
1041534
1041537
1041597
1041658
1041667
1041770
1041788
1042135
1042214
1042253
1042558
1042619
1042857
1042859
1042876
1042991
1043801
1043835
1043896
1043953
1044108
1044351
1044446
1044600
1044932
1045118
1045128
1045273
1045333
1045660
1045715
1045722
1045751
1046010
1046049
1046234
1046297
1046803
1047472
1047586
1047595
1047603
1047738
1048137
1048148
1048277
1048375
1048622
1048687
1049001
1049007
1049020
1049103
1049199
1049234
1049551
1049598
1049809
1049825
1049888
1050000
1050080
1050085
1050123
1050376
1050384
1050439
1050442
1050498
1050501
1050654
1050691
1050770
1050774
1050857
1050944
1051136
1051597
1051847
1051980
1052028
1052074
1052118
1052220
1052734
1052750
1052756
1052855
1052856
1053164
1053434
1053458
1053468
1053805
1053937
1053965
1053969
1054338
1054492
1054584
1054600
1054712
1054732
1054740
1055011
1055022
1055181
1055211
1055217
1055279
1055333
1055452
1055464
1055499
1055570
1055571
1055616
1055666
1056048
1056146
1056152
1056342
1056458
1056990
1057042
1057155
1057186
1057596
1057958
1058033
1058105
1058140
1058167
1058183
1058237
1058249
1058405
1058433
1058435
1058650
1058701
1058759
1058797
1058879
1058898
1058935
1058997
1059001
1059007
1059015
1059207
1059308
1059312
1059360
1059376
1059485
1059588
1059721
1059727
1059767
1059930
1060046
1060086
1060093
1060315
1060464
1060642
1060732
1060835
1060840
1060885
1060945
1060947
1060986
1061653
1061673
1061759
1061772
1062014
1062096
1062127
1062490
1062522
1062604
1062611
1062617
1062623
1062683
1062745
1062748
1062821
1062969
1063105
1063206
1063463
1063669
1063710
1063845
1064262
1064281
1064306
1064458
1064496
1064596
1064743
1065122
1065355
1065446
1065679
1065880
1066101
1066218
1066394
1066472
1066474
1066504
1066531
1066558
1066588
1067128
1067141
1067145
1067319
1067337
1067380
1067424
1067491
1067648
1067954
1067956
1068171
1068186
1068270
1068273
1068284
1068372
1068381
1068660
1068664
1068949
1069033
1069059
1069552
1069661
1069673
1069674
1069829
1069910
1069966
1069980
1070089
1070096
1070107
1070138
1070223
1070250
1070430
1070503
1070516
1070620
1070690
1070706
1070719
1070835
1070863
1070957
1070973
1071088
1071203
1071238
1071635
1071709
1071771
1071821
1071964
1072118
1072141
1072181
1072198
1072320
1072477
1072607
1072743
1072814
1073165
1073175
1073212
1073238
1073240
1073247
1073339
1073497
1073588
1073857
1073935
1073967
1073993
1074081
1074180
1074205
1074299
1074498
1074836
1074880
1074896
1074899
1074937
1074976
1075000
1075069
1075211
1075226
1075319
1075444
1075490
1075620
1075658
1075665
1076314
1076735
1076830
1076866
1076887
1077085
1077282
1077376
1077438
1077442
1077444
1077447
1077449
1077451
1077454
1077455
1077457
1077458
1077459
1077461
1077464
1077469
1077523
1077738
1077857
1078085
1078235
1078455
1079073
1079185
1079245
1079331
1079336
1079563
1080025
1080109
1080302
1080787
1080801
1080911
1080943
1080948
1080953
1081071
1081093
1081203
1081772
1082652
1082695
1083281
1083657
1084158
1084419
1084430
1084442
1084509
1084525
1084902
1084911
1085330
1085407
1085446
1085622
1085628
1087054
1087112
1087114
1087356
1087726
1087877
1087934
1088163
1088247
1088578
1088660
1088704
1088714
1088780
1088789
1088861
1088900
1089000
1089201
1089232
1089428
1089643
1089774
1090529
1090594
1090609
1090633
1090754
1090768
1090874
1090929
1090949
1091001
1091140
1091260
1091320
1091463
1091561
1091586
1091706
1091785
1091901
1091953
1091959
1091980
1092160
1092444
1092451
1092879
1092880
1092939
1093074
1093153
1093161
1093349
1093368
1093373
1093387
1093404
1093431
1093507
1093566
1093593
1093594
1093655
1093660
1093677
1093730
1093741
1093756
1093766
1093790
1093820
1093866
1093875
1093883
1093941
1093997
1094138
1094179
1094203
1094218
1094252
1094296
1094409
1094429
1094509
1094510
1094622
1094821
1094830
1094844
1094846
1094853
1094884
1094886
1094965
1095216
1095236
1095420
1095457
1095475
1095521
1095733
1095739
1095824
1096044
1096093
1096289
1096294
1096310
1096343
1096371
1096413
1096469
1096490
1096494
1096523
1096537
1096542
1096575
1096739
1096921
1097107
1097150
1097156
1097181
1097236
1097406
1097408
1097454
1097587
1097595
1097697
1097833
1098246
1098343
1098391
1098431
1098482
1098555
1098556
1098874
1098897
1098969
1099046
1099061
1099154
1099156
1099370
1099416
1099426
1099490
1099491
1099952
1100223
1100291
1100379
1100443
1100463
1100562
1100578
1100604
1100662
1100664
1100687
1100698
1100700
1100703
1100721
1100944
1101193
1101197
1101235
1101287
1101482
1101569
1101669
1101704
1101790
1101807
1101825
1101999
1102015
1102017
1102018
1102020
1102025
1102084
1102308
1102347
1102350
1102369
1102398
1102441
1102634
1102643
1102829
1103120
1103190
1103216
1103640
1103993
1104036
1104094
1104730
1104798
1104856
1104908
1104921
1104925
1104927
1105014
1105189
1105404
1105406
1105408
1105456
1105523
1105572
1105579
1105596
1105652
1105768
1105803
1105825
1106075
1106079
1106104
1106116
1106119
1106124
1106137
1106181
1106239
1106272
1106409
1106416
1106527
1106695
1107364
1107498
1107541
1107656
1107658
1107682
1107888
1107941
1107943
1107947
1107949
1107969
1107972
1108040
1108042
1108047
1108168
1108212
1108254
1108270
1108302
1108303
1108305
1108547
1108843
1108928
110894
1109112
1109146
1109288
1109333
1109341
1109372
1109388
1109430
1109563
1109757
1109764
1109812
1109875
1109942
1109984
1110036
1110069
1110109
1110110
1110260
1110486
1110550
1110602
1110759
1110878
1111004
1111010
1111013
1111020
1111029
1111036
1111045
1111058
1111275
1111276
1111294
1111601
1111607
1111771
1111828
1111986
1112258
1112304
1112378
1112525
1112552
1112644
1112733
1112836
1112947
1113031
1113032
1113091
1113173
1113299
1113431
1113552
1113561
1113574
1113584
1113639
1113681
1113706
1113761
1113825
1113865
1114040
1114343
1114445
1114486
1114570
1114614
1114962
1115038
1115063
1115193
1115227
1115276
1115307
1115364
1115369
1115379
1115421
1115717
1115779
1115791
1115892
1115957
1115962
1115971
1115972
1115976
1115983
1116176
1116199
1116287
1116404
1116428
1116457
1116847
1117033
1117139
1117141
1117145
1117158
1117186
1117197
1117613
1117722
1117757
1117867
1117933
1117934
1117971
1118032
1118071
1118135
1118179
1118226
1118279
1118285
1118295
1118299
1118332
1118497
1118502
1118799
1118801
1118806
1118888
1118974
1119023
1119074
1119233
1119234
1119243
1119276
1119282
1119368
1119442
1119490
1119516
1119682
1119747
1119894
1119927
1119932
1119933
1120100
1120111
1120225
1120231
1120236
1120343
1120429
1120470
1120570
1120623
1120699
1120800
1120852
1121034
1121048
1121110
1121180
1121192
1121194
1121196
1121210
1121340
1121395
1121417
1121471
1121528
1121671
1121723
1121765
1121879
1122058
1122064
1122102
1122113
1122123
1122142
1122172
1122180
1122356
1122430
1122433
1122435
1122466
1122605
1122639
1122709
1122726
1122766
1122830
1122941
1122984
1123125
1123128
1123211
1123306
1123309
1123686
1123693
1123760
1123784
1123811
1123815
1123825
1123851
1123910
1123948
1123952
1123972
1124106
1124129
1124147
1124210
1124217
1124246
1124258
1124326
1124409
1124425
1124428
1124456
1124501
1124680
1124767
1124904
1124956
1124963
1125205
1125374
1125378
1125396
1125498
1125499
1125532
1125634
1125661
1125677
1125817
1125819
1125952
1126018
1126182
1126183
1126184
1126193
1126218
1126245
1126274
1126311
1126350
1126413
1126432
1126451
1126457
1126559
1126655
1126675
1126738
1126756
1126781
1126882
1126901
1126941
1126965
1126987
1127090
1127238
1127264
1127288
1127339
1127417
1127423
1127435
1127472
1127487
1127572
1127577
1127621
1127867
1128027
1128050
1128060
1128177
1128340
1128352
1128500
1128838
1128859
1128918
1128921
1128928
1128974
1128988
1129055
1129056
1129116
1129155
1129187
1129321
1129454
1129498
1129529
1129539
1129784
1129834
1129837
1129930
1129978
1130084
1130132
1130200
1130202
1130204
1130272
1130274
1130276
1130278
1130318
1130411
1130447
1130449
1130560
1130671
1130709
1130816
1130893
1130901
1131397
1131414
1131562
1131572
1131577
1131609
1131643
1131646
1131756
1132006
1132072
1132203
1132206
1132208
1132370
1132448
1132463
1132475
1132501
1132556
1132557
1132566
1132674
1132713
1132755
1132758
1132764
1132765
1132772
1132783
1132950
1133002
1133030
1133060
1133201
1133205
1133211
1133417
1133481
1133526
1133569
1133577
1134029
1134079
1134082
1134166
1134172
1134174
1134180
1134222
1134307
1134315
1134391
1134399
1134409
1134417
1134424
1134500
1134501
1134518
1134568
1134585
1134778
1134845
1134876
1135018
1135021
1135191
1135435
1135619
1135635
1135752
1135916
1135933
1135934
1136055
1136146
1136155
1136208
1136257
1136341
1136450
1136671
1136910
1136931
1136945
1137129
1137238
1137285
1137384
1137481
1137487
1137500
1137518
1137527
1137681
1137694
1137771
1137780
1137870
1137900
1137909
1137933
1137966
1138323
1138518
1138591
1138630
1138737
1138780
1138781
1138807
1138873
1138928
1138975
1139052
1139058
1139186
1139187
1139476
1139569
1139588
1139644
1139677
1139794
1139984
1140077
1140129
1140263
1140340
1140345
1140404
1140495
1140569
1140728
1140739
1140859
1140878
1141052
1141160
1141186
1141261
1141313
1141326
1141337
1141346
1141350
1141507
1141719
1141817
1142034
1142045
1142115
1142170
1142184
1142194
1142206
1142207
1142542
1142552
1142623
1142744
1142748
1143027
1143028
1143038
1143074
1143118
1143224
1143249
1143387
1143497
1143720
1143740
1143742
1143745
1143802
1143915
1143933
1144163
1144363
1144392
1144423
1144424
1144578
1144615
1144779
1144780
1144820
1145049
1145162
1145187
1145262
1145336
1145394
1145472
1145694
1145735
1145741
1145784
1145909
1145914
1145942
1146054
1146097
1146194
1146237
1146460
1146519
1146542
1146566
1146568
1146591
1146832
1147034
1147035
1147042
1147128
1147143
1147156
1147235
1147236
1147281
1147311
1147398
1147656
1147679
1147680
1147684
1147702
1147720
1147765
1147806
1147822
1147826
1147845
1147945
1147981
1148032
1148050
1148075
1148081
1148086
1148192
1148463
1148505
1148642
1148682
1148684
1148748
1148759
1148770
1148879
1148893
1148996
1149115
1149198
1149245
1149277
1149285
1149289
1149294
1149346
1149385
1149497
1149630
1149649
1149671
1149677
1149682
1149729
1149778
1149820
1150005
1150090
1150112
1150120
1150200
1150295
1150299
1150366
1150452
1150529
1150578
1150688
1150696
1150697
1150715
1150717
1150733
1150754
1150814
1150819
1150843
1150867
1150946
1151154
1151246
1151259
1151414
1151449
1151482
1151506
1151526
1151585
1151598
1151606
1151610
1151703
1151864
1151876
1151909
1151943
1151956
1152114
1152145
1152330
1152358
1152385
1152441
1152605
1152721
1152992
1153011
1153022
1153130
1153147
1153184
1153209
1153243
1153292
1153305
1153340
1153403
1153407
1153454
1153463
1153477
1153635
1153903
1153952
1153977
1154018
1154019
1154233
1154234
1154294
1154363
1154465
1154469
1154472
1154606
1154645
1154809
1155048
1155168
1155172
1155207
1155348
1155352
1155465
1155642
1155651
1155653
1155663
1155766
1155846
1155927
1155940
1155971
1156019
1156065
1156114
1156151
1156176
1156277
1156499
1156515
1156592
1156613
1156720
1156721
1156722
1156757
1156767
1156834
1156913
1156939
1157201
1157289
1157293
1157469
1157503
1157523
1157670
1157688
1157810
1157827
1157906
1157914
1157941
1157946
1158046
1158144
1158208
1158288
1158294
1158302
1158407
1158498
1158506
1158634
1158645
1158781
1158805
1158822
1158855
1158862
1159001
1159043
1159083
1159109
1159248
1159268
1159276
1159385
1159389
1159410
1159480
1159497
1159506
1159507
1159725
1159727
1159731
1159922
1159929
1159938
1160104
1160199
1160307
1160332
1160339
1160361
1160379
1160407
1160597
1160691
1160696
1160732
1160734
1160771
1160811
1160828
1160837
1160900
1160972
1161072
1161138
1161148
1161199
1161260
1161611
1161612
1161614
1161623
1161656
1161661
1161698
1161796
1161817
1161928
1161995
1162067
1162205
1162253
1162283
1162317
1162322
1162324
1162385
1162441
1162677
1162791
1162830
1162871
1162961
1162990
1163024
1163044
1163056
1163062
1163110
1163212
1163260
1163263
1163268
1163332
1163342
1163411
1163416
1163447
1163540
1163592
1163763
1163888
1163902
1164077
1164161
1164178
1164210
1164226
1164281
1164325
1164343
1164410
1164473
1164483
1164564
1164569
1164632
1164640
1164649
1164698
1164731
1164752
1164784
1164906
1164931
1164942
1164979
1165032
1165045
1165046
1165156
1165277
1165306
1165380
1165438
1165482
1165504
1165576
1165584
1165609
1165648
1165807
1165994
1166048
1166066
1166126
1166161
1166344
1166362
1166465
1166506
1166560
1166757
1166763
1166774
1166823
1166852
1166935
1166956
1166959
1167021
1167080
1167174
1167181
1167224
1167229
1167292
1167300
1167426
1167428
1167459
1167502
1167508
1167575
1167579
1167594
1167601
1167617
1167633
1167669
1167673
1167704
1167733
1167756
1167794
1167892
1167896
1167899
1167923
1167945
1167957
1167961
1167962
1167963
1167967
1167975
1167976
1167979
1168042
1168077
1168088
1168113
1168125
1168229
1168246
1168275
1168319
1168398
1168528
1168544
1168547
1168566
1168585
1168589
1168689
1168853
1168872
1168875
1169035
1169064
1169096
1169109
1169132
1169135
1169314
1169343
1169352
1169366
1169411
1169436
1169439
1169459
1169643
1169754
1169884
1169892
1169937
1169974
1170105
1170304
1170477
1170609
1170669
1170671
1170759
1170803
1170864
1170880
1171173
1171226
1171245
1171298
1171344
1171361
1171460
1171488
1171517
1171520
1171654
1171708
1171723
1171730
1171821
1171863
1171903
1171919
1171967
1172010
1172120
1172141
1172164
1172180
1172182
1172183
1172184
1172226
1172320
1172407
1172408
1172473
1172500
1172508
1172920
1173005
1173049
1173089
1173158
1173196
1173267
1173354
1173357
1173373
1173385
1173393
1173397
1173490
1173558
1173745
1173748
1173751
1173754
1173761
1173801
1173857
1173978
1174407
1174437
1174468
1174821
1174889
1174956
1175040
1175142
1175218
1175266
1175549
1175637
1175650
1175661
1175686
1175705
1175751
1175756
1175760
1175770
1175794
1175850
1175877
1175881
1176056
1176107
1176112
1176137
1176206
1176331
1176381
1176533
1176537
1176653
1176981
1177134
1177169
1177175
1177246
1177279
1177293
1177310
1177324
1177443
1177517
1177558
1177790
1177873
1177891
1178120
1178152
1178193
1178462
1178535
1178548
1178555
1178586
1178709
1178721
1178726
1178851
1178863
1178964
1178966
1178967
1178994
1179048
1179153
1179318
1179766
1179876
1179967
1179977
1180106
1180134
1180186
1180200
1180314
1180387
1180419
1180584
1180587
1180663
1180715
1180801
1180854
1180910
1180918
1181100
1181345
1181541
1181645
1181646
1181834
1181837
1181838
1181839
1181852
1181966
1181978
1182072
1182083
1182102
1182228
1182278
1182338
1182541
1182551
1182722
1183079
1183219
1183223
1183228
1183229
1183231
1183235
1183280
1183325
1183352
1183623
1183682
1183730
1183895
1183924
1184110
1184170
1184172
1184192
1184243
1184307
1184316
1184376
1184377
1184508
1184627
1184628
1184639
1184644
1184705
1184746
1184889
1184934
1184960
1185293
1185351
1185362
1185365
1185606
1185629
1185725
1185770
1185845
1185893
1186138
1186139
1186168
1186327
1186448
1186465
1186498
1186596
1186732
1186784
1186818
1186925
1186940
1186984
1187008
1187236
1187241
1187393
1187443
1187578
1187584
1187631
1187681
1187777
1187831
1187846
1187901
1187914
1188001
1188071
1188125
1188156
1188281
1188344
1188401
1188405
1188413
1188417
1188605
1188613
1188618
1188692
1188697
1188787
1188897
1188981
1188982
1189024
1189038
1189073
1189082
1189101
1189128
1189212
1189214
1189250
1189386
1189472
1189492
1189572
1189590
1189647
1189654
1189694
1189702
1189842
1189928
1190047
1190093
1190175
1190452
1190586
1190594
1190759
1190769
1190826
1190857
1190909
1190944
1191093
1191153
1191158
1191216
1191335
1191358
1191442
1191508
1191520
1191583
1191778
1191874
1191898
1191935
1191973
1191976
1192088
1192120
1192335
1192394
1192421
1192434
1192449
1192482
1192486
1192493
1192523
1192536
1192561
1192576
1192580
1192604
1192621
1192686
1192863
1192941
1193023
1193110
1193158
1193197
1193308
1193313
1193390
1193527
1193621
1193668
1193747
1193788
1193869
1193900
1193903
1193937
1193989
1193992
1194044
1194115
1194128
1194265
1194311
1194314
1194346
1194424
1194430
1194457
1194458
1194466
1194533
1194561
1194707
1194827
1194874
1194912
1194943
1195038
1195054
1195232
1195279
1195295
1195343
1195349
1195356
1195357
1195603
1195626
1195699
1195707
1195743
1195825
1195838
1195869
1195881
1195962
1195995
1196008
1196047
1196102
1196104
1196105
1196150
1196153
1196155
1196247
1196266
1196288
1196294
1196319
1196412
1196431
1196461
1196476
1196498
1196677
1196714
1196734
1196765
1196891
1196901
1197048
1197100
1197192
1197394
1197585
1197611
1197613
1197636
1197763
1197764
1197927
1197967
1198019
1198039
1198073
1198109
1198155
1198235
1198236
1198248
1198326
1198327
1198339
1198404
1198450
1198569
1198582
1198627
1198682
1198683
1198687
1198703
1198724
1198830
1198831
1199180
1199201
1199303
1199366
1199466
1199566
1199579
1199589
1199601
1199609
1199760
1199774
1199790
1199795
1199805
1199934
1200118
1200119
1200187
1200252
1200322
1200446
1200485
1200487
1200534
1200639
1200656
1200682
1200798
1200832
1200870
1200886
1200892
1201008
1201017
1201136
1201213
1201215
1201374
1201442
1201475
1201542
1201543
1201597
1201621
1201700
1201718
1201750
1201832
1201907
1201949
1201962
1201977
1202039
1202171
1202176
1202179
1202260
1202372
1202443
1202458
1202621
1202657
1203059
1203159
1203161
1203168
1203303
1203520
1203524
1203531
1203577
1203648
1203732
1203743
1203748
1203806
1203888
1203895
1204127
1204149
1204154
1204173
1204174
1204182
1204366
1204429
1204595
1204609
1204615
1204616
1204626
1204812
1204944
1205038
1205046
1205051
1205053
1205095
1205305
1205330
1205431
1205563
1205677
1205704
1205792
1205796
1205814
1205854
1205928
1206102
1206123
1206229
1206341
1206345
1206420
1206425
1206463
1206571
1206688
1206842
1206876
1206911
1206943
1207089
1207100
1207106
1207246
1207375
1207443
1207490
1207491
1207494
1207495
1207496
1207497
1207498
1207499
1207544
1207565
1207645
1207702
1207840
1207868
1207976
1207977
1207997
1208204
1208444
1208544
1209023
1209077
1209204
1209342
1209382
1209581
1209601
1209611
1209634
1209641
1209689
1209699
1209914
1209916
1209920
1210031
1210090
1210123
1210208
1210287
1210296
1210410
1210429
1210478
1210563
1210671
1210778
1210795
1210796
1210936
1210940
1210944
1210954
1210956
1211017
1211081
1211092
1211098
1211190
1211217
1211221
1211525
1211613
1211637
1211718
1211726
1211796
1211801
1211810
1211839
1211841
1211886
1211918
1212019
1212035
1212153
1212171
1212437
1212482
1212520
1212653
1212680
1212689
1212733
1212797
1213100
1213137
1213161
1213412
1213436
1213438
1213595
1213651
1213680
1213932
1214052
1214066
1214070
1214177
1214221
1214231
1214244
1214284
1214287
1214315
1214352
1214408
1214428
1214514
1214629
1214663
1214766
1214799
1214872
1214887
1215049
1215117
1215143
1215206
1215397
1215526
1215567
1215656
1215659
1215694
1215768
1215850
1215885
1215953
1215954
1215965
1216217
1216227
1216234
1216250
1216262
1216482
1216490
1216554
1216590
1216592
1216654
1216668
1216775
1216941
1216979
1217077
1217082
1217093
1217153
1217156
1217158
1217162
1217218
1217239
1217243
1217248
1217315
1217316
1217318
1217422
1217423
1217424
1217495
1217500
1217559
1217591
1217687
1217851
1217867
1217887
1217922
1217930
1217946
1217963
1217969
1217979
1217981
1218005
1218022
1218078
1218089
1218412
1218471
1218560
1218586
1218592
1218594
1218597
1218670
1218673
1218674
1218675
1218679
1218808
1218817
1218918
1218937
1218977
1218996
1219028
1219071
1219073
1219079
1219101
1219215
1219281
1219304
1219385
1219421
1219504
1219544
1219556
1219584
1219608
1219611
1219613
1219623
1219723
1219771
1219805
1219806
1219820
1219832
1219837
1219854
1219920
1219953
1220011
1220160
1220208
1220221
1220243
1220336
1220458
1220481
1220527
1220531
1220547
1220779
1220839
1220884
1220907
1220918
1220929
1220974
1221141
1221156
1221218
1221249
1221294
1221360
1221383
1221384
1221549
1221644
1221673
1221754
1221906
1221970
1222087
1222198
1222409
1222583
1222617
1222737
1222937
1223035
1223037
1223076
1223116
1223344
1223452
1223512
1223635
1223701
1223766
1223811
1224066
1224073
1224077
1224088
1224121
1224137
1224201
1224304
1224545
1224644
1224726
1224735
1224760
1224765
1224877
1224950
1225063
1225108
1225192
1225236
1225254
1225289
1225422
1225473
1225477
1225540
1225588
1225690
1225828
1225906
1225921
1225963
1226176
1226217
1226225
1226245
1226319
1226487
1226543
1226548
1226570
1226621
1226629
1226661
1226810
1226878
1226879
1226898
1227135
1227137
1227139
1227274
1227361
1227474
1227477
1227483
1227527
1227810
1228005
1228080
1228258
1228282
1228382
1228478
1228482
1228603
1228627
1228652
1228655
1228801
1228978
1228980
1229076
1229097
1229123
1229168
1229206
1229229
1229272
1229328
1229340
1229426
1229486
1229603
1229625
1229636
1229763
1229859
1229911
1229913
1229923
1229927
1230196
1230299
1230325
1230345
1230491
1230618
1230638
1230661
1230990
1231128
1231154
1231155
1231179
1231312
1231362
1231422
1231437
1231445
1231452
1231688
1231701
1231728
1231757
1231945
1232014
1232015
1232050
1232196
1232289
1232290
1232357
1232390
1232408
1232548
1232613
1232614
1232615
1232634
1232681
1232727
1232743
1232806
1232842
1233043
1233127
1233340
1233363
1233368
1233463
1233470
1233492
1233497
1233535
1233668
1233689
1233747
1233801
1233803
1233831
1233865
1233887
1233888
1233904
1233910
1233927
1233963
1233982
1234099
1234165
1234179
1234287
1234305
1234306
1234355
1234374
1234383
1234398
1234600
1234604
1234675
1234809
1234880
1235066
1235099
1235107
1235172
1235178
1235181
1235350
1235371
1235372
1235374
1235379
1235457
1235458
1235657
1235695
1235723
1235724
1235780
1235781
1235822
1235845
1235873
1235933
1235953
1235964
1236032
1236036
1236154
1236229
1236383
1236414
1236452
1236605
1236737
1236755
1236897
1236926
1236991
1237025
1237054
1237077
1237095
1237106
1237124
1237253
1237335
1237368
1237428
1237441
1237492
1237556
1237606
1237648
1237788
1237815
1237885
1237986
1238133
1238173
1238180
1238467
1238537
1238636
1238639
1238685
1238695
1238712
1238769
1238844
1238881
1238901
1238939
1239018
1239025
1239042
1239116
1239118
1239119
1239132
1239276
1239287
1239298
1239317
1239319
1239336
1239422
1239436
1239438
1239459
1239506
1239562
1239566
1239606
1239671
1239673
1239730
1239750
1239753
1239827
1239845
1239912
1239920
1239985
1240014
1240044
1240169
1240183
1240196
1240245
1240344
1240494
1240670
1240682
1240729
1240762
1240778
1240804
1240813
1240860
1240876
1240881
1240896
1240959
1240981
1241046
1241050
1241126
1241155
1241221
1241292
1241294
1241319
1241390
1241455
1241459
1241527
1241570
1241582
1241707
1241732
1241735
1241742
1241746
1241821
1241837
1241867
1241884
1241956
1241993
1242073
1242125
1242137
1242271
1242278
1242309
1242567
1242570
1242601
1242628
1242689
1242694
1242709
1242715
1242716
1242763
1242832
1242851
1242898
1242901
1242943
1242972
1242988
1243133
1243243
1243259
1243295
1243378
1243388
1243403
1243406
1243452
1243490
1243561
1243567
1243695
1243707
1243736
1243749
1243750
1243764
1243777
1243805
1243851
1243882
1243925
1243928
1243929
1243958
1243959
1243962
1243963
1243964
1243968
1243970
1243974
1243975
1243977
1243982
1243983
1243984
1243988
1243991
1243992
1243995
1244120
1244221
1244223
1244225
1244226
1244227
1244265
1244268
1244496
1244514
1244622
1244647
1244650
1244755
1244892
1244899
1244912
1244916
1244929
1245005
1245029
1245030
1245121
1245139
1245184
1245212
1245287
1245301
1245302
1245337
1245365
1245377
1245383
1245420
1245462
1245496
1245505
1245530
1245615
1245667
1245717
1245743
1245776
1245780
1245798
1245813
1245832
1245849
1245947
1245996
1246016
1246017
1246076
1246115
1246156
1246188
1246215
1246245
1246273
1246382
1246498
1246514
1246570
1246591
1246650
1246677
1246692
1246733
1246784
1246904
1246907
1246951
1247064
1247091
1247186
1247192
1247201
1247203
1247213
1247243
1247263
1247270
1247345
1247434
1247629
1247641
1247658
1247723
1247786
1247920
1247953
1247962
1247981
1248085
1248251
1248360
1248380
1248391
1248435
1248447
1248494
1248501
1248506
1248563
1248600
1248601
1248603
1248609
1248617
1248693
1248829
1248849
1248988
1249049
1249119
1249332
1249362
1249447
1249453
1249494
1249508
1249520
1249555
1249557
1249558
1249585
1249608
1249642
1249650
1249702
1249714
1249742
1249779
1249786
1249788
1249789
1249888
1249934
1250002
1250046
1250110
1250171
1250205
1250308
1250323
1250362
1250369
1250383
1250427
1250430
1250482
1250531
1250577
1250603
1250667
1250691
1250778
1250833
1250835
1250871
1250901
1250933
1250958
1250966
1251033
1251057
1251084
1251107
1251138
1251247
1251268
1251278
1251291
1251301
1251347
1251410
1251469
1251492
1251620
1251622
1251713
1251727
1251728
1251729
1251760
1251767
1251823
1251960
1251965
1252008
1252054
1252077
1252089
1252099
1252239
1252247
1252283
1252287
1252418
1252466
1252627
1252640
1252641
1252807
1252870
1252925
1252958
1252971
1253018
1253072
1253120
1253163
1253204
1253221
1253225
1253229
1253274
1253284
1253323
1253330
1253365
1253493
1253494
1253498
1253510
1253556
1253584
1253604
1253655
1253693
1253781
1253784
1253785
1253794
1253822
1253859
1253869
1253879
1253901
1253902
1253935
1254012
1254070
1254148
1254230
1254268
1254408
1254496
1254657
1254694
1254736
1254746
1254814
1254843
1254978
1255116
1255133
1255351
1255459
1255529
1255542
1255576
1255734
1255799
1255804
1255809
1255908
1255975
1255977
1255985
1256037
1256088
1256163
1256246
1256422
1256625
1256658
1256686
1256690
1256704
1256730
1256746
1256757
1256767
1256768
1256772
1256773
1256775
1256780
1256781
1256786
1256790
1256791
1256792
1256794
1256795
1256796
1256798
1256800
1256810
1256812
1256818
1256819
1256826
1256830
1256833
1256843
1256846
1256848
1256854
1256863
1256869
1256887
1256892
1256912
1256916
1256932
1256936
1256941
1257008
1257017
1257173
1257222
1257242
1257316
1257322
1257550
1257603
1257696
1257723
1257746
1257873
1257874
1257972
1258114
1258127
1258142
1258154
1258172
1258236
1258302
1258305
1258309
1258333
1258353
1258354
1258371
1258416
1258546
1258628
1258645
1258661
1258718
1258728
1258793
1258807
1258821
1258892
1258902
1258981
1258987
1259045
1259060
1259126
1259139
1259227
1259241
1259340
1259389
1259398
1259475
1259563
1259573
1259603
1259707
1259743
1259846
1259847
1259859
1259892
1259978
1260042
1260116
1260121
1260160
1260199
1260261
1260283
1260307
1260316
1260360
1260380
1260403
1260419
1260460
1260482
1260529
1260530
1260630
1260680
1260718
1260756
1260766
1260850
1260912
1260939
1260979
1261055
1261068
1261133
1261140
1261159
1261172
1261223
1261272
1261317
1261352
1261386
1261477
1261505
1261561
1261642
1261651
1261657
1261665
1261714
1261715
1261785
1261827
1261842
1261860
1261869
1261920
1261956
1262009
1262014
1262021
1262144
1262310
1262312
1262329
1262368
1262439
1262480
1262491
1262643
1262661
1262662
1262710
1262766
1262783
1262813
1262829
1262887
1262919
1262946
1263031
1263032
1263045
1263047
1263051
1263065
1263067
1263174
1263256
1263258
1263280
1263332
1263397
1263441
1263557
1263687
1263760
1263906
1263935
1263945
1263975
1264063
1264095
1264159
1264173
1264206
1264312
1264345
1264434
1264436
1264437
1264475
1264498
1264555
1264625
1264649
1264654
1264679
1264684
1264686
1264692
1264696
1264701
1264725
1264804
1264907
1264929
1264983
1265055
1265066
1265173
1265358
1265359
1265362
1265368
1265419
1265429
1265526
1265686
1265718
1265719
1265720
1265722
1265724
1265728
1265729
1265730
1265731
1265732
1265738
1265772
1265775
1265785
1265787
1265790
1265796
1265798
1265802
1265813
1265816
1265818
1265830
1265840
1265854
1265869
1265876
1265887
1265985
1266100
1266267
1266415
1266417
1266475
1266640
1266779
1266826
1266828
1266839
1266840
1266842
1266844
1266952
1266997
1267015
1267229
1267278
1267289
1267293
1267365
1267378
1267434
1267480
1267495
1267499
1267501
1267503
1267604
1267750
1267760
1267917
1267919
1267998
1268082
1268107
1268134
1268159
1268319
1268424
1268458
1268460
1268461
1268466
1268568
1268591
1268595
1268706
1268806
1268837
1268912
1268921
1268974
1269034
1269102
1269237
1269277
1269457
1269497
1269757
1269763
1269891
1269958
1270067
1270096
1270111
1270148
1270166
1270173
1270179
1270186
1270203
1270215
1270234
1270462
1270495
1270619
1270707
1270774
1270807
1270846
1270886
1270994
1271048
1271049
1271084
1271184
1271191
1271244
1271399
1271502
1271759
1271775
1271821
1271841
1272011
1272098
1272208
1272294
1272364
1272452
1272455
1272460
1272462
1272518
1272857
1272861
1272870
1273076
1273094
1273183
1273211
1273234
1273235
1273323
1273341
1273344
1273369
1273584
1273587
1273653
1273719
1273760
1273795
1273827
1273904
1273941
1273980
1274106
1274108
1274272
1274333
1274394
1274496
1274609
1274615
1274657
1274704
1274712
1274760
1274855
1274964
1275078
1275081
1275083
1275086
1275089
1275114
1275139
1275242
1275262
1275330
1275383
1275399
1275415
1275546
1275556
1275706
1275877
1275887
1275890
1275896
1275915
1275939
1275942
1276037
1276073
1276090
1276109
1276206
1276229
1276271
1276339
1276341
1276349
1276418
1276465
1276514
1276516
1276533
1276565
1276694
1276699
1276701
1276823
1276873
1276884
1276966
1276969
1277026
1277054
1277070
1277243
1277289
1277622
1277634
1277668
1277669
1277673
1277685
1277698
1277707
1277834
1277858
1277910
1277914
1277940
1277944
1277947
1277951
1277953
1277967
1277971
1277983
1277985
1278084
1278306
1278345
1278346
1278357
1278397
1278405
1278413
1278473
1278625
1278630
1278770
1278778
1278844
1279006
1279145
1279195
1279215
1279302
1279476
1279491
1279501
1279526
1279533
1279740
1279784
1279805
1279833
1279845
1279910
1279953
1280079
1280131
1280134
1280247
1280267
1280294
1280371
1280391
1280441
1280485
1280520
1280548
1280729
1280825
1280919
1280949
1281040
1281051
1281186
1281190
1281206
1281427
1281489
1281502
1281602
1281726
1281731
1281732
1281931
1282095
1282211
1282223
1282267
1282287
1282420
1282427
1282463
1282465
1282537
1282611
1282664
1282716
1282719
1282788
1282791
1282900
1282910
1283066
1283123
1283186
1283247
1283267
1283465
1283522
1283542
1283565
1283583
1283599
1283641
1283800
1283870
1283886
1283893
1283901
1283909
1284221
1284243
1284259
1284395
1284461
1284482
1284673
1284735
1284827
1284838
1284839
1284842
1284843
1284844
1284855
1284887
1285021
1285041
1285053
1285124
1285173
1285189
1285196
1285242
1285253
1285289
1285348
1285408
1285418
1285530
1285549
1285557
1285672
1285720
1285747
1285751
1285789
1285863
1285941
1286118
1286169
1286186
1286232
1286259
1286281
1286356
1286435
1286676
1286700
1286710
1286821
1286854
1286872
1286915
1286918
1286923
1286930
1287042
1287172
1287211
1287292
1287330
1287388
1287428
1287474
1287477
1287478
1287631
1287658
1287660
1287664
1287687
1287732
1287748
1287763
1287889
1287910
1287915
1287958
1288147
1288150
1288165
1288213
1288238
1288358
1288375
1288423
1288445
1288475
1288511
1288526
1288529
1288584
1288756
1288803
1288830
1288888
1288947
1289062
1289067
1289139
1289152
1289170
1289229
1289231
1289240
1289258
1289358
1289425
1289436
1289536
1289549
1289723
1289765
1289798
1289832
1289906
1289932
1289944
1289974
1290003
1290063
1290094
1290142
1290227
1290230
1290234
1290245
1290437
1290490
1290518
1290527
1290545
1290567
1290599
1290698
1290988
1291030
1291056
1291069
1291201
1291272
1291322
1291358
1291469
1291488
1291635
1291641
1291709
1291809
1291815
1291832
1291833
1291834
1291866
1291877
1291972
1292095
1292184
1292242
1292245
1292253
1292322
1292325
1292340
1292503
1292591
1292633
1292998
1293128
1293211
1293325
1293591
1293616
1293663
1293756
1293760
1293930
1293967
1294186
1294187
1294188
1294190
1294220
1294337
1294378
1294498
1294499
1294505
1294517
1294541
1294585
1294599
1294680
1294686
1294989
1295000
1295010
1295038
1295058
1295080
1295161
1295171
1295213
1295237
1295254
1295309
1295337
1295347
1295410
1295458
1295491
1295502
1295521
1295556
1295575
1295582
1295608
1295609
1295610
1295753
1295929
1295947
1296040
1296048
1296128
1296281
1296380
1296389
1296395
1296412
1296427
1296498
1296589
1296761
1296767
1296863
1296912
1296945
1297043
1297068
1297072
1297082
1297113
1297157
1297180
1297225
1297238
1297239
1297288
1297329
1297362
1297383
1297400
1297473
1297479
1297546
1297693
1297713
1297753
1297755
1297758
1297784
1297806
1297945
1298012
1298016
1298082
1298208
1298225
1298230
1298369
1298559
1298659
1298680
1298685
1298687
1298872
1298945
1299070
1299234
1299247
1299338
1299391
1299405
1299406
1299428
1299445
1299503
1299592
1299596
1299602
1299613
1299620
1299645
1299668
1299669
1299862
1299931
1299978
1300036
1300057
1300058
1300336
1300458
1300494
1300719
1300773
1300822
1300861
1301086
1301147
1301289
1301342
1301351
1301389
1301421
1301435
1301442
1301487
1301577
1301624
1301692
1301695
1301719
1301758
1301790
1301794
1301930
1302062
1302148
1302190
1302197
1302202
1302286
1302288
1302307
1302355
1302496
1302515
1302536
1302616
1302646
1302679
1302725
1302727
1302744
1302759
1302787
1302855
1302862
1302872
1302873
1302879
1302890
1302952
1302984
1302989
1303045
1303101
1303118
1303126
1303158
1303177
1303181
1303227
1303228
1303268
1303288
1303291
1303298
1303380
1303480
1303484
1303595
1303611
1303612
1303651
1303781
1303787
1303810
1303812
1303862
1303866
1303872
1303989
1304061
1304113
1304151
1304178
1304185
1304297
1304341
1304352
1304359
1304363
1304513
1304685
1304708
1304752
1304757
1304804
1304837
1304865
1304900
1304941
1304973
1305075
1305079
1305161
1305365
1305401
1305407
1305444
1305499
1305509
1305737
1305788
1305950
1305979
1305981
1306099
1306124
1306264
1306459
1306466
1306522
1306536
1306584
1306622
1306751
1306775
1306780
1306783
1306816
1306840
1307009
1307015
1307193
1307239
1307243
1307250
1307347
1307382
1307481
1307676
1307687
1307768
1307871
1307873
1307884
1307895
1307901
1307905
1307907
1307908
1307917
1307919
1307942
1307954
1308021
1308061
1308227
1308240
1308257
1308260
1308263
1308268
1308343
1308362
1308420
1308467
1308490
1308497
1308507
1308509
1308608
1308615
1308648
1308651
1308740
1308823
1308840
1308841
1308878
1308912
1308931
1308993
1308994
1309040
1309065
1309123
1309204
1309212
1309243
1309304
1309316
1309384
1309468
1309483
1309523
1309577
1309589
1309605
1309614
1309647
1309668
1309702
1309722
1309733
1309749
1309774
1309826
1309842
1309880
1310065
1310092
1310211
1310284
1310298
1310346
1310408
1310525
1310554
1310615
1310681
1310702
1310718
1310801
1310894
1310938
1310941
1310942
1311043
1311168
1311178
1311191
1311197
1311247
1311266
1311315
1311343
1311345
1311347
1311349
1311366
1311439
1311477
1311506
1311557
1311611
1311737
1311782
1311789
1311795
1311799
1311810
1311866
1311923
1311941
1312031
1312041
1312055
1312094
1312103
1312178
1312226
1312236
1312277
1312320
1312331
1312333
1312361
1312374
1312377
1312380
1312406
1312481
1312486
1312494
1312642
1312687
1312716
1312779
1312857
1312901
1312999
1313119
1313196
1313197
1313290
1313324
1313427
1313507
1313555
1313573
1313626
1313634
1313688
1313731
1313765
1313776
1313793
1313794
1313796
1313799
1313825
1313830
1313834
1313848
1313850
1313862
1313941
1313961
1313998
1314179
1314235
1314373
1314429
1314474
1314528
1314573
1314590
1314812
1314918
1314919
1314921
1314931
1315013
1315044
1315175
1315208
1315222
1315228
1315242
1315289
1315309
1315317
1315391
1315421
1315598
1315615
1315639
1315650
1315667
1315688
1315781
1315794
1315922
1315923
1315925
1315944
1315948
1315969
1316075
1316187
1316225
1316373
1316374
1316381
1316413
1316484
1316500
1316526
1316613
1316630
1316700
1316723
1316736
1316797
1316809
1316855
1316870
1316879
1316941
1317069
1317174
1317215
1317216
1317223
1317228
1317347
1317413
1317423
1317438
1317589
1317646
1317662
1317667
1317705
1317745
1317819
1317962
1318019
1318276
1318333
1318389
1318414
1318640
1318771
1318790
1318835
1318867
1319015
1319020
1319049
1319079
1319141
1319150
1319175
1319247
1319323
1319328
1319433
1319539
1319619
1319788
1319844
1319919
1319935
1319937
1319951
1319972
1319989
1320053
1320058
1320061
1320066
1320084
1320110
1320149
1320161
1320173
1320182
1320230
1320233
1320304
1320314
1320359
1320362
1320375
1320531
1320663
1320712
1320793
1320939
1321096
1321119
1321215
1321216
1321220
1321228
1321238
1321315
1321396
1321485
1321504
1321509
1321556
1321562
1321631
1321740
1321778
1321820
1321831
1321839
1322028
1322085
1322333
1322423
1322430
1322494
1322565
1322609
1322735
1322747
1322873
1322889
1323001
1323102
1323211
1323276
1323391
1323466
1323504
1323550
1323553
1323600
1323638
1323810
1323838
1323867
1323880
1323915
1323933
1324118
1324171
1324497
1324503
1324525
1324565
1324571
1324593
1324746
1324760
1324895
1324929
1325013
1325191
1325213
1325239
1325374
1325401
1325523
1325539
1325883
1325914
1325930
1325987
1325988
1325989
1326078
1326087
1326098
1326100
1326137
1326322
1326331
1326334
1326340
1326408
1326410
1326412
1326581
1326875
1326937
1327725
1327731
1327773
1327947
1327960
1328016
1328025
1328257
1328498
1328500
1328532
1328553
1328679
1328693
1328737
1328756
1328822
1328828
1328907
1329109
1329147
1329158
1329165
1329253
1329481
1329521
1329621
1329752
1329850
1329895
1329941
1330001
1330034
1330074
1330121
1330147
1330156
1330158
1330196
1330315
1330464
1330538
1330779
1330822
1330830
1330932
1330977
1331081
1331292
1331318
1331505
1331599
1331654
1331672
1331795
1331798
1331800
1331802
1331851
1331873
1331911
1331932
1331937
1332049
1332062
1332068
1332085
1332090
1332170
1332267
1332269
1332373
1332375
1332556
1332608
1332741
1332858
1332869
1332897
1332910
1332936
1332965
1333164
1333219
1333233
1333305
1333324
1333352
1333364
1333377
1333385
1333423
1333428
1333431
1333472
1333484
1333561
1333602
1333713
1333714
1333717
1333726
1333731
1333734
1333840
1334052
1334154
1334156
1334199
1334250
1334252
1334261
1334293
1334363
1334418
1334430
1334444
1334496
1334534
1334617
1334635
1334642
1334831
1334842
1334883
1334956
1334958
1335043
1335048
1335050
1335055
1335104
1335170
1335192
1335349
1335419
1335451
1335538
1335752
1335768
1335794
1335801
1335807
1335869
1335907
1336051
1336070
1336072
1336198
1336282
1336335
1336395
1336418
1336434
1336621
1336715
1336806
1336839
1336946
1337026
1337235
1337244
1337266
1337492
1337516
1337560
1337682
1337737
1337959
1338036
1338092
1338095
1338106
1338248
1338257
1338298
1338395
1338439
1338522
1338567
1338582
1338668
1338708
1338757
1338812
1338827
1338843
1338980
1339061
1339121
1339293
1339413
1339504
1339861
1340108
1340115
1340181
1340195
1340205
1340366
1340464
1340472
1340475
1340568
1340618
1340644
1340762
1340803
1340806
1340923
1340987
1340995
1341037
1341159
1341258
1341308
1341338
1341417
1341498
1341562
1341580
1341586
1341635
1341980
1341996
1342025
1342274
1342305
1342310
1342320
1342427
1342459
1342464
1342490
1342526
1342551
1342588
1342723
1342851
1342941
1343093
1343167
1343210
1343360
1343447
1343477
1343501
1343510
1343521
1343528
1343644
1343682
1343735
1343774
1343777
1343850
1343888
1343945
1344016
1344017
1344027
1344038
1344155
1344156
1344158
1344160
1344189
1344205
1344212
1344276
1344294
1344307
1344345
1344504
1344523
1344563
1344589
1344595
1344713
1344726
1344857
1344900
1345023
1345090
1345112
1345119
1345122
1345136
1345349
1345517
1345529
1345556
1345754
1345773
1345932
1345955
1345997
1346009
1346136
1346179
1346236
1346254
1346286
1346402
1346682
1346716
1346736
1346781
1346825
1346854
1346902
1346995
1347271
1347338
1347373
1347413
1347504
1347514
1347517
1347530
1347552
1347619
1347680
1347961
1347977
1348004
1348005
1348103
1348122
1348252
1348254
1348258
1348264
1348267
1348306
1348318
1348416
1348549
1348570
1348576
1348613
1348699
1348733
1348743
1348761
1348816
1348885
1348919
1348995
1349005
1349009
1349144
1349152
1349160
1349256
1349288
1349307
1349335
1349354
1349360
1349363
1349415
1349434
1349501
1349502
1349509
1349513
1349520
1349538
1349630
1349686
1349691
1349703
1349742
1349761
1349873
1349905
1350026
1350030
1350046
1350058
1350063
1350087
1350135
1350215
1350217
1350218
1350223
1350298
1350409
1350411
1350416
1350435
1350469
1350503
1350525
1350641
1350648
1350781
1350894
1351071
1351108
1351266
1351281
1351300
1351385
1351425
1351537
1351565
1351658
1351835
1351915
1351933
1351991
1351997
1351999
1352043
1352049
1352115
1352157
1352183
1352199
1352218
1352233
1352276
1352288
1352358
1352364
1352365
1352481
1352498
1352522
1352709
1352738
1352801
1352969
1353005
1353006
1353010
1353012
1353029
1353036
1353038
1353041
1353042
1353045
1353174
1353332
1353373
1353379
1353533
1353559
1353563
1353571
1353706
1353711
1353736
1353814
1353844
1353897
1353938
1353939
1354016
1354068
1354071
1354078
1354079
1354081
1354083
1354086
1354103
1354141
1354143
1354145
1354194
1354325
1354510
1354530
1354587
1354647
1354672
1354738
1354781
1354782
1354789
1354800
1354884
1354890
1355056
1355064
1355082
1355150
1355233
1355454
1355473
1355481
1355492
1355523
1355582
1355585
1355663
135567
1355677
1355696
1355760
1355771
1355869
1355886
1355901
1355922
1355994
1355997
1356033
1356126
1356146
1356149
1356163
1356223
1356231
1356244
1356281
1356282
1356415
1356474
1356504
1356569
1356586
1356587
1356593
1356605
1356663
1356681
1356763
1356786
1356871
1356872
1356911
1356957
1357017
1357027
1357069
1357154
1357341
1357447
1357519
1357704
1357798
1357814
1357897
1357909
1357959
1358013
1358041
1358083
1358116
1358120
1358160
1358197
1358335
1358356
1358382
1358384
1358387
1358479
1358503
1358507
1358520
1358549
1358648
1358715
1358721
1358921
1358956
1358970
1359028
1359083
1359090
1359130
1359137
1359140
1359144
1359273
1359302
1359338
1359429
1359433
1359448
1359481
1359495
1359540
1359548
1359597
1359682
1359716
1359759
1359763
1359794
1359879
1359894
1359899
1359984
1360095
1360132
1360237
1360239
1360316
1360342
1360354
1360371
1360473
1360495
1360548
1360554
1360597
1360788
1360844
1360846
1360864
1360902
1360916
1360932
1360957
1361054
1361060
1361140
1361171
1361172
1361195
1361208
1361296
1361311
1361426
1361428
1361429
1361480
1361537
1361541
1361572
1361640
1361650
1361675
1361686
1361708
1361710
1361797
1361818
1361853
1362037
1362058
1362083
1362099
1362103
1362108
1362120
1362201
1362207
1362234
1362398
1362408
1362464
1362466
1362493
1362504
1362542
1362550
1362847
1362866
1362890
1363006
1363022
1363033
1363046
1363059
1363075
1363083
1363085
1363097
1363100
1363118
1363178
1363215
1363291
1363346
1363412
1363419
1363477
1363497
1363502
1363533
1363645
1363678
1363680
1363681
1363685
1363696
1363739
1363768
1363824
1363850
1363853
1363869
1363871
1363902
1363914
1363995
1364047
1364063
1364075
1364082
1364093
1364136
1364150
1364153
1364444
1364535
1364839
1364852
1364877
1364896
1364911
1365014
1365026
1365059
1365133
1365216
1365255
1365294
1365371
1365375
1365412
1365554
1365635
1365638
1365643
1365767
1365846
1365869
1365887
1365889
1365901
1365933
1366004
1366005
1366033
1366060
1366079
1366081
1366205
1366213
1366535
1366658
1366723
1366769
1366783
1366823
1366851
1366853
1367007
1367009
1367012
1367046
1367047
1367193
1367244
1367321
1367334
1367350
1367385
1367395
1367407
1367424
1367425
1367432
1367462
1367543
1367585
1367596
1367630
1367652
1367696
1367712
1367767
1367836
1367894
1367898
1367909
1367959
1368079
1368106
1368114
1368161
1368204
1368245
1368311
1368317
1368371
1368383
1368393
1368411
1368412
1368414
1368417
1368425
1368428
1368443
1368535
1368560
1368605
1368695
1368709
1368715
1368775
1368878
1368899
1368920
1368940
1368943
1368945
1369028
1369092
1369104
1369119
1369159
1369214
1369245
1369285
1369287
1369399
1369407
1369433
1369467
1369582
1369586
1369705
1369729
1369751
1369931
1369951
1370004
1370018
1370122
1370139
1370148
1370171
1370190
1370268
1370278
1370324
1370369
1370459
1370467
1370486
1370507
1370659
1370704
1370780
1370786
1370923
1370985
1370986
1371042
1371198
1371218
1371219
1371298
1371330
1371374
1371479
1371531
1371540
1371603
1371676
1371748
1371842
1371852
1372003
1372043
1372067
1372261
1372309
1372326
1372382
1372520
1372535
1372578
1372664
1372737
1372814
1372954
1373061
1373093
1373467
1373483
1373492
1373568
1373678
1373707
1373718
1373765
1373768
1373935
1374099
1374101
1374104
1374105
1374106
1374174
1374388
1374426
1374474
1374492
1374500
1374501
1374555
1374573
1374587
1374599
1374680
1374681
1374686
1374768
1374784
1374972
1375013
1375040
1375152
1375164
1375254
1375462
1375472
1375615
1375695
1375710
1375775
1375778
1375800
1375809
1375973
1376097
1376109
1376135
1376397
1376413
1376420
1376427
1376484
1376521
1376558
1376812
1376892
1376893
1376925
1376929
1376941
1376984
1377001
1377094
1377098
1377129
1377182
1377183
1377200
1377289
1377302
1377315
1377319
1377358
1377433
1377439
1377470
1377551
1377578
1377586
1377793
1377794
1378136
1378151
1378161
1378171
1378193
1378277
1378325
1378427
1378449
1378478
1378551
1378554
1378703
1378784
1378794
1378817
1378821
1378825
1378850
1378851
1378853
1378854
1378865
1378866
1379123
1379173
1379245
1379268
1379522
1379611
1379715
1379788
1379860
1380011
1380094
1380188
1380205
1380220
1380343
1380499
1380827
1380846
1380867
1380899
1380927
1380963
1380966
1381010
1381020
1381117
1381335
1381355
1381364
1381409
1381525
1381550
1381593
1381689
1381692
1381853
1381944
1381957
1381982
1381991
1381993
1382044
1382157
1382173
1382299
1382432
1382437
1382635
1382690
1382746
1382785
1383026
1383031
1383448
151437
168411
169826
173878
175893
179845
181033
184802
185239
188910
191642
196474
197694
204706
204944
206029
207227
210043
210228
212097
212904
214754
214968
215493
216170
216219
216434
217363
217916
218447
218775
219191
219532
219899
219942
220589
220626
220681
221597
221602
223287
224315
224818
225065
225269
225921
226097
227526
227583
227761
228040
228103
228163
228165
228285
228320
228660
228897
229241
229726
230183
230401
231200
231381
231533
232172
232272
232399
232605
233099
233461
233479
233759
233977
234717
235317
235915
236134
236304
236666
236721
236756
237136
237776
238186
238300
238954
239218
239929
240092
240108
240363
240773
240859
241274
241637
241972
243118
243176
243235
244692
245392
245588
245653
245660
246158
246243
246283
246756
246827
247147
247606
248330
248423
248612
249061
250058
251248
251258
251339
251513
251589
251767
251903
252207
252362
252405
252441
252941
253507
253661
253945
254021
254225
254381
255113
255116
255623
255877
255932
256076
256111
256349
256726
256988
257247
257317
257722
258485
258650
259199
260054
260337
260437
260549
260794
261054
261269
262329
262798
262800
262905
263146
263182
263216
263755
263942
264064
264607
264663
265711
266174
266413
266456
266629
267089
267227
269460
269644
269775
269799
271022
271051
271559
272555
272556
272678
272927
273024
273336
273466
273926
276506
276525
276617
277079
277122
278377
278772
278859
278936
279035
279194
279665
279687
279768
280055
280153
281012
281545
281652
281724
281932
282502
283482
283506
283598
283697
283703
283847
283851
283869
283987
284081
284086
284140
284379
284647
284655
284660
284929
285546
285570
285647
285711
286145
286179
286405
286687
286825
286910
287127
287262
287390
287571
287739
287885
287924
288160
288517
289491
289981
290355
290714
290890
291006
291106
291830
292411
292865
293472
293523
293810
294150
294383
294399
294759
295337
295613
295683
296019
296275
296583
296622
297230
297307
297421
297813
298004
298555
298571
298705
298799
298943
299235
299286
299372
299580
299594
299713
299882
299997
300161
300203
300292
300864
300916
301158
301283
301519
301742
301758
301837
301963
302050
302230
302250
302359
302554
302646
302667
302677
302678
303008
303075
303097
303133
303152
303252
303288
303491
303520
303599
303644
303645
303749
303928
303998
304233
304245
304472
304476
304488
304574
304605
304643
304727
304748
304926
304987
305134
305210
305501
305659
305667
305833
305910
305939
305946
306020
306061
306072
306208
306304
306358
306433
306471
306640
306726
307770
308060
308204
308812
308819
308854
308888
308973
309015
309041
309050
309223
309292
309452
309496
309730
309860
310007
310060
310156
310162
310194
310291
310373
310393
310737
310921
310939
311011
311169
311496
311508
311605
311653
311941
312093
312242
312510
312896
312930
313300
313572
314250
314518
314553
314700
314844
314927
315034
315536
315576
315646
316059
316302
316634
316659
316995
317033
317190
317213
317369
317472
317482
317733
317829
317839
317840
317878
317949
318057
318176
318192
318490
318653
318654
318759
318761
318817
318974
318991
319228
319315
319324
319455
319655
319910
320005
320181
320183
320259
320357
320358
320383
320388
320393
320422
320437
320445
320482
320666
320667
320669
320737
320833
320914
321081
321219
321273
321758
321973
322077
322169
322290
322369
322371
322378
322390
322903
323472
323492
323537
323761
323798
323805
323966
324164
324348
324553
324590
324743
324763
324846
324856
324876
324946
324982
325092
325153
325161
325224
325236
325250
325257
325288
325294
325348
325665
325763
325812
325901
325913
326208
326428
326432
326475
326580
326817
327101
327165
327188
327206
327306
327318
327331
327484
327502
327560
327841
327932
328156
328159
328162
328277
328399
328470
328480
328532
328563
328619
329118
329147
329212
329281
329534
329546
329563
329691
329698
329738
329741
329743
329831
329854
329949
329964
330126
330206
330216
330220
330524
330533
330842
331143
331154
331222
331856
331985
332002
332036
332143
332144
332195
332201
332295
332493
332540
332660
332753
332774
332785
332888
332934
332935
332941
333038
333146
333160
333450
333491
333649
333656
333712
333754
333831
333833
333863
333864
333874
333947
334091
334130
334216
334363
334386
334399
334472
334486
334600
334669
334697
334722
334776
334839
334929
335086
335101
335270
335306
335323
335334
335421
335460
335472
335600
335605
335607
335675
335691
335738
335777
335878
335900
335949
335961
336058
336132
336176
336210
336219
336281
336452
336469
336625
336858
336887
336925
336990
337002
337051
337131
337147
337174
337180
337184
337216
337223
337231
337344
337375
337390
337491
337532
337625
337751
337780
337845
337859
337868
337871
337998
338000
338139
338234
338252
338340
338348
338360
338441
338680
338864
338901
338931
338989
339064
339070
339102
339185
339196
339310
339311
339314
339343
339477
339479
339565
339661
339714
339732
339741
339964
340122
340173
340432
340444
340554
340555
340677
340773
340864
340868
340994
341092
341302
341405
341437
341462
341463
341577
341665
341668
341850
341972
341975
342010
342020
342045
342169
342217
342381
342484
342485
342540
342645
342700
342789
343104
343165
343203
343360
343396
343581
343585
343587
343628
343657
343659
343661
343707
343784
343803
343825
343828
343832
343871
343936
343958
344059
344159
344189
344231
344279
344368
344386
344389
344437
344457
344476
344536
344572
344578
344581
344588
344640
344651
344660
344897
344901
344928
344983
344984
344991
345012
345031
345065
345075
345258
345260
345261
345264
345275
345404
345407
345421
345422
345424
345517
345537
345561
345572
345599
345603
345769
345825
345950
346009
346180
346186
346312
346356
346447
346486
346546
346623
346649
346669
346730
346764
346802
346819
346931
346942
346954
347219
347227
347231
347241
347286
347332
347363
347364
347423
347457
347683
347797
347868
347930
347944
347950
347956
347977
347983
348010
348076
348141
348197
348227
348257
348362
348447
348449
348452
348461
348544
348643
348741
348759
348774
348808
348814
348820
348842
348962
349056
349122
349176
349196
349225
349233
349380
349481
349523
349598
349635
349841
349882
349958
349961
350091
350123
350273
350282
350389
350452
350453
350558
350595
350675
350737
350738
350844
350849
351133
351253
351263
351363
351490
351591
351817
351857
351946
351965
352021
352032
352105
352124
352388
352447
352489
352549
352630
352678
352704
352935
352947
352952
353027
353033
353071
353115
353117
353162
353194
353266
353322
353324
353353
353434
353438
353560
353594
353864
354005
354036
354048
354099
354373
354555
354670
354805
354808
354894
355112
355120
355444
355469
355473
355891
355974
356283
356289
356546
356571
356581
356590
356673
356793
356819
356821
357056
357243
357257
357316
357570
357914
357922
357969
358085
358202
358264
358284
358303
358452
358456
358678
358764
358878
358946
358979
359050
359462
359471
359682
359784
359790
359862
359924
360034
360133
360184
360220
360273
360529
360585
360735
360748
360813
361186
361383
361608
361698
362156
362209
362239
362283
362292
362329
362369
362460
362627
362685
362709
363011
363108
363318
363339
363512
363636
363934
363955
364041
364297
364397
364611
364643
364644
364677
364828
364905
364972
365100
365171
365313
365439
365528
365538
365539
365729
365981
366174
366196
366372
366474
366479
366572
366589
366594
366705
366797
367025
367035
367187
367293
367623
367655
367799
367991
368012
368447
368449
368464
368745
368776
368779
368781
368874
368918
368950
369048
369221
369222
369311
369314
369407
369669
369672
369807
369821
369882
369935
370013
370021
370053
370097
370105
370126
370135
370329
370455
370475
370571
370701
370765
370771
370777
370785
370959
371076
371276
371279
371309
371668
371669
371675
371798
371812
371821
371840
372025
372040
372044
372236
372283
372501
372623
372647
373264
373389
373428
373501
373502
373504
373535
373606
373623
373648
373838
373944
374238
374613
374986
374990
375114
375215
375243
375843
376008
376025
376189
376253
376519
376618
376633
376650
376725
376726
376731
376786
376798
376851
376863
376906
377066
377349
377364
377397
377440
377500
377551
377844
378069
378122
378248
378257
378470
378577
378627
378659
378770
378785
378802
378816
378818
378820
378828
379138
379140
379141
379211
379218
379472
379986
380011
380142
380381
380505
380519
380589
380689
380857
380877
381042
381206
381218
381220
381227
381240
381329
381366
381378
381519
381603
382073
382095
382358
382447
382466
382639
382694
382711
382810
382813
382877
382911
383271
383717
383724
383746
383760
383771
383803
383925
384187
384229
384283
384503
384515
384654
384667
384730
384752
384944
385070
385178
385492
385818
385822
385828
385872
385982
386159
386163
386368
386473
386477
386741
386765
386768
386789
386806
387015
387069
387077
387138
387516
387646
387685
387744
387766
387995
388079
388148
388207
388275
388334
388337
388504
388695
388880
388932
389218
389274
389789
389808
389891
389902
389969
390171
390361
390450
390716
390890
390979
391226
391279
391346
391380
391397
392137
392193
392213
392383
392496
392501
392722
392771
392967
393003
393253
393445
393678
393716
393718
393924
393986
394019
394038
394144
394299
394349
394353
394392
394426
394491
394666
394695
394979
395082
395122
395128
395163
395249
395402
395404
395557
395621
395894
396050
396121
396203
396241
396274
396541
396770
396992
397048
397207
397221
397223
397281
397331
397417
397492
397536
397614
397804
398011
398170
398203
398344
398360
398382
398399
398478
398610
398807
398969
399264
399265
399316
399381
399665
399667
399673
399746
399814
399829
399930
399998
400064
400398
400460
400473
400544
400621
400659
400703
400745
401113
401221
401279
401514
401726
401863
402147
402207
402244
402255
402297
402458
402620
402882
403014
403387
403621
403771
403857
404370
404530
404536
404541
404769
405163
405165
405497
405541
405791
405809
406222
406280
406330
406335
406439
406478
406664
406672
406883
406937
406982
407162
407166
407221
407286
407366
407468
407561
407650
407776
407805
407821
407843
407963
407974
408021
408328
408354
408415
408470
408599
408661
408663
408996
409192
409281
409310
409384
409424
409686
409687
409814
409867
409945
409959
409974
410046
410075
410128
410346
410431
410433
410569
410663
410726
410751
411010
411037
411062
411160
411214
411219
411289
411708
411847
411966
412049
412148
412348
412387
412438
412600
412730
412988
412990
413205
413275
413312
413471
413561
413630
413788
413819
413915
414025
414183
414253
414257
414285
414287
414288
414342
414345
414389
414472
414489
414549
414802
414836
415043
415099
415218
415329
415390
415460
415492
415497
415526
415543
415700
415750
415757
415941
415958
416061
416066
416214
416274
416313
416324
416611
416696
416710
416927
416974
417042
417143
417152
417176
417264
417733
417844
417904
417924
418156
418287
418671
418673
418738
418739
418838
418866
418868
418877
419005
419010
419250
419437
419596
419612
419654
419656
419712
419747
419760
419885
419957
420067
420088
420204
420236
420328
420331
420371
420414
420729
420733
420736
421595
421609
421613
421721
421977
422147
422161
422181
422476
422559
422743
422869
422872
422887
423040
423063
423132
423159
423177
423200
423427
423432
423460
423540
423672
423677
423718
423877
423977
424017
424028
424216
424281
424415
424454
424489
424542
424613
424626
424829
424872
424877
424888
424922
424985
425056
425217
425318
425474
425486
425561
426004
426026
426079
426171
426223
426268
426453
426501
426525
426714
426745
426806
426930
427029
427142
427186
427689
427943
428133
428255
428362
428402
428422
428481
428579
428690
428733
428764
428817
428843
428924
428943
428970
429091
429232
429282
429520
429531
429717
429832
429889
429979
430600
430658
430687
430759
430862
430901
430905
430907
430908
431014
431017
431141
431241
431285
431627
431633
431713
432380
432436
432723
432757
432941
433069
433070
433168
435035
435550
435687
436304
436564
436659
436685
436758
436801
437797
437844
438925
439292
439593
439603
440150
440702
440704
441063
441110
442810
443068
443433
443734
443757
443863
444307
444660
444664
444763
444878
445374
445498
445573
445759
445788
446171
446212
447928
447934
447951
448486
448546
448572
448717
448741
448885
448892
448928
448939
448941
449010
449371
449388
449622
449832
450206
450879
450938
451151
451329
451366
451428
451702
452317
452975
453095
453793
453831
453873
454090
454109
454300
454360
454558
454562
454956
454977
455258
455334
455553
456048
456342
456465
456884
456959
457491
457681
457773
457777
457906
458013
458026
458111
458233
458299
458688
458954
459041
459567
460146
460235
460546
460599
461013
461184
461247
461304
461366
461483
461663
461810
462222
462478
462598
462687
462856
462892
462967
462986
463270
463384
463387
463445
463474
464205
464260
464767
464918
464942
464947
465215
465223
466937
467209
467409
467828
467890
468011
468197
468233
469720
469789
469880
470048
470051
470163
470314
471367
471668
471839
471997
472343
472396
473065
473128
473156
473299
473339
473341
473692
473976
474056
474191
474594
474602
475141
475289
475331
475885
476838
477001
477583
477657
477882
478097
478430
479005
479240
479389
479397
479408
479627
480143
480151
480318
480350
480443
480737
480826
480873
480893
481231
481391
481437
481438
481703
481765
482051
482086
482105
482235
482941
482975
483327
483382
483403
483688
483845
483899
483983
484263
484374
484532
485196
485237
485442
485563
485976
486008
486342
486660
486780
486791
487367
487656
487823
488218
488574
488687
488691
488846
488984
489021
489212
489245
489545
489927
490030
490121
490225
490703
490742
491247
491269
491577
491739
491759
491810
491947
492250
492326
492390
492799
492802
492804
493051
493225
493440
493467
493527
493636
493732
494210
494328
494375
494927
495123
495181
495495
495511
495584
495606
495675
495889
496277
496409
496635
496727
496782
497103
497664
497844
498130
498312
498841
499123
499668
500019
500251
500328
500533
500702
500976
501413
501714
502239
502307
502367
502486
502860
502962
503029
503370
503734
503761
503953
503966
504019
504053
504475
504953
505656
505925
506099
506104
506116
506437
506471
506512
506563
506861
506901
506955
507032
507073
507172
507369
507583
507586
507587
507623
507784
507881
507963
507974
508265
508499
508526
508684
508728
509187
509202
509232
509295
509625
509664
509668
509676
509870
510202
510219
510442
510509
510516
510634
510780
510881
511785
511984
512353
513165
513420
513817
513912
514915
515232
515512
515785
516444
516753
516940
517503
517704
517706
517708
518327
518412
518533
518616
518617
518666
518970
519077
519216
519586
520143
520173
520190
520284
520384
520398
520644
520659
520724
520729
520743
521141
521188
521216
521429
521548
521766
521889
522262
522416
522481
522610
522667
522842
523047
523140
523312
523337
523856
524201
524661
524718
524763
525190
525299
525651
525882
526194
526422
526613
526620
526663
526717
526721
526919
526952
526989
527074
527311
527433
527784
527820
527966
528416
528440
528451
528732
528750
528776
528834
528884
529273
529542
529597
529922
529952
530056
530235
530298
530354
530533
530906
531227
531519
531712
532150
532178
532542
533913
534840
535104
535520
535538
536081
536124
536945
537013
537289
537474
538028
538187
538331
538588
538595
538765
539067
539174
539331
539365
539476
539884
539991
540102
540340
540379
540537
541393
541404
541739
541761
541779
541791
542032
542122
543564
543672
544047
544356
544550
544762
544816
544817
544833
544999
545119
545228
545583
546098
546259
546572
546774
546874
547538
547599
547752
547787
547854
548027
548500
548614
549061
549192
549340
549536
549562
549589
549898
550205
550290
550565
550682
550825
551505
551580
551582
551712
551916
552659
552922
553070
553073
553161
553178
553467
553673
553946
554001
554005
554092
554262
554265
554400
554662
554809
554991
555081
555120
555176
555224
555293
555512
555839
555904
556739
556967
557278
557406
557890
558069
558403
558461
558517
558566
558643
558774
559033
559034
559613
559991
559992
560061
560143
560258
560261
560288
560653
560755
560830
561229
561636
561782
561835
562452
562649
562718
562723
562753
563723
563738
564091
564170
564187
564387
565048
565187
565339
565717
565966
566034
566081
566083
566444
566736
567487
567681
567821
568037
568373
568634
568694
568816
568949
568995
569057
569255
569360
570165
570266
570277
570278
570281
570720
570918
570981
571129
571288
571660
571662
571752
571772
571813
571842
571897
572038
572056
572112
572425
572472
572488
572967
573102
573103
573246
573254
573302
573329
573438
573603
574036
574090
574137
574408
574434
574435
574443
574452
574457
574460
574511
574514
574681
574708
575044
575080
575132
575162
575182
575194
575195
575218
575228
575234
575291
575408
575558
575561
575591
575597
575673
575748
575767
575789
575830
575870
575896
575934
575994
576063
576430
576642
577121
577222
577320
577685
577867
577892
578268
578422
579095
579388
579632
579683
579868
579869
579920
579954
580001
580030
580220
580221
580227
580251
580400
580512
580618
580710
580748
580814
580820
580914
581044
581069
581183
581253
581654
581770
581917
581947
582023
582116
582121
582186
582201
582400
582485
582664
583000
583041
583078
583145
583218
583339
583349
583359
583476
583616
583745
583816
583885
584125
584658
584667
585007
585043
585253
585361
585393
585558
585563
585830
585855
585924
585988
586067
586068
586094
586114
586125
586213
586234
586506
586514
586821
586968
587187
587299
587436
587573
587574
587615
587617
587691
587734
587757
587780
587909
588027
588118
588209
588305
588345
588386
588464
588475
588476
588506
588540
588655
588730
588736
588817
589089
589114
589121
589139
589154
589163
589209
589212
589246
589259
589375
589435
589445
590035
590049
590068
590283
590613
590621
590744
590805
590873
590877
590931
591008
591104
591398
591481
591835
591937
592185
592469
592525
592677
592743
592900
592990
593003
593126
593357
593447
593569
593570
593576
593626
593645
593650
593950
593967
594163
594173
594183
594367
594497
594577
594675
594720
594858
595175
595223
595292
595304
595350
595432
595485
595507
595649
595888
595934
595939
596022
596173
596315
596371
596428
596678
596698
596731
596778
596779
596806
596812
596963
597071
597103
597129
597136
597151
597218
597235
597259
597277
597304
597338
597353
597460
597502
597557
597581
597673
597689
597716
597757
597930
597933
597995
598011
598020
598229
598264
598357
598452
598619
598779
598920
598934
599215
599654
599751
599793
599827
599940
600183
600215
600505
600531
600545
600883
601177
601183
601228
601255
601352
601667
601695
601830
602024
602198
602555
603002
603209
603210
603211
603251
603541
603568
603605
603610
603625
603674
603717
603750
604093
604302
604431
604457
604531
604650
604735
604941
605307
605338
605680
605850
606304
606320
606423
606498
606567
606663
606936
607163
607224
607280
607482
607496
607518
608198
608358
608628
608717
608791
609107
609127
609521
609592
609890
609950
609952
610017
610071
610080
610196
610203
610773
610927
611032
611590
611789
611804
611827
611953
611967
612230
612235
612405
612609
612658
612812
612828
612854
613156
613364
613403
613477
613530
613714
613909
613973
614081
614304
614326
614350
614366
614586
614881
614925
614958
614995
615413
615472
615474
615556
615688
616014
616193
616472
616680
616808
616836
616837
617000
617270
617729
618096
618188
618277
618437
618546
618770
618889
618942
619223
619910
619930
620198
620565
620683
620789
620875
621091
621152
621564
621644
621873
622284
622303
622405
622733
623155
623220
623463
623669
623872
623893
624151
624267
624295
624363
624625
624679
624685
624734
625017
625115
625119
625329
625974
625989
626017
626042
626382
626500
626886
627146
627309
627324
627342
627596
627834
628258
628458
628695
628984
629485
629620
629898
629969
630265
630549
630634
630733
631115
631189
631250
631447
631500
631509
631698
631954
631956
632119
632233
632252
632365
632366
632404
632555
632634
632893
632941
633433
633656
633691
633804
633846
633861
634065
634347
635402
635608
636279
636538
636828
637311
638949
639286
640136
640226
640824
641074
641182
641892
642108
642471
642624
643172
643695
644409
644413
644419
644503
644645
645086
645268
645398
645428
645564
646473
646524
646993
647540
647951
648045
648668
648675
649216
649428
649480
649607
650246
650345
650760
650794
650950
651317
651643
651942
652447
652510
652753
653001
653038
653065
653427
653528
654131
654687
655550
655869
656152
656205
656222
656433
656666
656668
657463
657595
657961
658179
658259
658368
658555
658738
659407
659591
659625
659686
659907
661289
661584
661662
661755
661762
661813
662008
662324
662743
662807
663042
663763
663771
663778
664131
664324
664436
664552
665260
665272
665324
665342
665527
665702
665880
665907
666221
666574
666706
666717
666790
666804
666809
666816
667476
667480
667586
667963
668307
668574
668865
669178
669265
669612
669658
669670
669905
670002
670033
670040
670341
670684
670851
670857
670896
671041
671291
671553
671689
672006
672470
672743
672748
673148
673164
673481
674161
674168
674238
674452
674486
674562
674744
674847
674856
675037
675794
675821
675902
675996
676556
676722
677027
677674
677930
678763
679016
679255
679364
679467
679475
679590
679708
679753
679771
679801
680649
680812
680883
681005
681480
681653
682048
682217
682478
682534
682618
682832
683172
683258
683320
683390
683506
683737
683906
683954
684016
684096
684418
684444
684445
684450
684546
684625
684721
684831
684958
685263
685302
685402
685526
685893
685900
685902
686671
686705
686778
686937
687093
687698
687702
687754
687851
687854
687958
688083
688279
688595
688615
688695
688925
688981
689051
689160
689164
689181
689256
689605
689759
689920
689939
689968
690068
690404
690414
690419
690552
690648
690713
690771
691012
691252
691253
691419
691579
691601
691610
691613
691614
691884
691925
691978
692031
692120
692295
692400
692409
692424
692466
692537
692543
692550
692742
692807
692829
693110
693227
693259
693265
693269
693551
693848
693955
694019
694137
694162
694378
694450
694539
694865
694870
694932
694954
694958
695032
695304
695358
696139
696163
696167
696179
696180
696181
696381
696755
697039
697040
697043
697109
697140
697319
697407
697750
697762
697903
697983
698153
698169
698371
698565
698762
698921
699001
699002
699130
699240
699411
699475
699541
699575
699832
699856
699860
699968
699978
700036
700061
700194
700243
700333
700348
700363
700616
700770
700893
700997
701182
701212
701377
701481
701618
701635
701664
701712
701762
701987
702081
702159
702225
702331
702342
702532
702556
702621
702642
702707
702926
703031
703041
703062
703063
703123
703174
703235
703237
703377
703633
703643
703718
703874
703938
704011
704123
704132
704184
704204
704223
704228
704295
704576
704789
704832
704838
704913
704918
704983
705043
705074
705100
705422
705464
705597
705707
705731
705903
705911
705921
705927
705932
706033
706092
706103
706149
706230
706339
706733
706850
706886
707020
707037
707121
707131
707180
707302
707492
707567
707650
707672
707740
707809
707891
707940
707987
708071
708595
708613
708643
708788
708797
709088
709182
709193
709223
709460
709578
709756
710152
710258
710259
710341
710878
710895
710975
711125
711157
711164
711401
711737
711846
711851
711914
711941
711966
712029
712096
712113
712469
712472
712859
712887
713052
713172
713287
713360
713822
713828
713829
713835
713841
714083
714140
714172
714186
714281
714342
714594
714675
714712
714951
715099
715163
715402
715501
715518
715647
715710
715887
715970
716080
716108
716855
717030
717191
717219
717258
717369
717373
717425
717598
717613
717749
717772
717916
717922
717924
717963
718228
718259
718281
718303
718425
718484
718608
718816
718973
719021
719028
719039
719042
719049
719122
719127
719254
719271
719292
719318
719538
719552
719607
719731
719732
719845
719849
719850
719877
719916
719933
719934
720023
720081
720110
720154
720180
720258
720294
720310
720641
720659
720838
720972
720975
720992
721019
721156
721324
721389
721413
721422
721442
721860
722129
722176
722263
722267
722273
722305
722332
722352
722506
722685
722691
722727
722976
722984
722985
722986
722988
722990
723018
723047
723048
723059
723062
723069
723071
723090
723121
723181
723281
723353
723431
723435
723561
723563
723873
723904
723923
723937
723951
724055
724080
724116
724161
724228
724229
724239
724286
724509
724554
724585
724821
724832
724862
725235
725249
725268
725405
725430
725618
725668
725717
725943
726235
726259
726275
726279
726346
726427
726440
726444
726609
726634
726781
726949
726975
726978
726986
727131
727429
727637
727765
727793
727826
727867
728073
728141
728168
728350
728426
728830
728831
728833
728926
728932
729191
729220
729293
729307
729363
729480
729514
729576
729867
729960
730041
730271
730340
730596
730625
730629
730668
730814
730829
730898
731025
731043
731123
731277
731311
731318
731394
731459
731523
731553
731721
731865
731926
731972
732040
732093
732292
732313
732451
732452
732553
732874
732915
733292
733297
733339
733747
733880
734013
734027
734043
734045
734061
734259
734273
734280
734326
734365
734371
734373
734439
734554
734631
734641
734646
734664
734666
734706
734872
734911
735166
735214
735477
735557
735574
735576
735680
735691
735810
735879
735987
736078
736279
736358
736456
736465
736487
736495
736572
736655
736845
736848
736882
736954
737381
737457
737464
737792
737803
737808
737816
737833
737873
738233
738287
738491
738774
738998
739031
739093
739116
739151
739192
739260
739432
739574
739793
739919
739968
739995
740389
740482
740541
740543
740551
740581
740603
740615
740662
740694
740795
740803
740805
740825
741322
741324
741325
741576
742047
742051
742098
742099
742358
742419
742645
742672
742776
742782
743264
743421
743882
744021
744152
744610
744659
744698
744964
744982
745040
745119
745172
745342
745426
745445
745508
745524
745525
745712
745741
745757
745904
745961
745985
746221
746648
746674
746756
746783
746834
746837
746853
747018
747083
747218
747220
747225
747338
747429
747550
747603
747608
747742
747820
748037
748161
748477
748684
748740
748894
748924
748927
749127
749187
749215
749222
749258
749278
749316
749394
749477
749548
749550
749626
749628
749931
749974
750054
750106
750269
750318
750454
750544
750872
750980
751164
751226
751334
751467
751711
751836
751924
751949
751955
752161
752376
752407
752409
752434
752770
752834
752841
752918
753021
753225
753308
753311
753313
753401
753448
753546
753618
753672
753677
753755
753768
754251
754315
754333
754344
754472
754608
754623
754653
754671
755136
755346
755388
755412
755429
755598
755646
756313
756423
756513
756681
756887
756888
756890
756993
757253
757278
757282
757408
757439
757477
757487
757488
757866
757945
758138
758157
758288
758515
758568
758579
758683
758990
759135
759157
759282
759299
759656
759730
759754
759803
760035
760036
760083
760171
760193
760322
760370
760424
760450
760564
760607
760680
760752
760777
760793
760796
760804
760837
760868
760882
760940
760999
761007
761031
761094
761153
761157
761169
761223
761257
761268
761481
761494
761665
761884
761990
762094
762160
762395
762403
762452
762454
762569
762639
762705
762761
762799
762846
762848
762966
762979
762996
763111
763232
763468
763890
763932
764190
764213
764270
764318
764474
764515
764545
764555
764572
764625
764679
764746
764856
764869
764872
764931
764958
764971
765105
765211
765235
765398
765411
765413
765564
765628
765729
766054
766403
766512
766535
766812
766999
767289
767401
767587
767588
767589
767669
767676
767693
767802
767835
767836
767840
767896
767994
768019
768039
768096
768150
768399
768442
768677
768744
768846
769101
769299
769672
769679
769687
770099
770135
770419
770542
770550
770695
770818
770929
770993
771199
771247
771344
771356
771429
771481
771504
771555
771818
771826
771877
771888
771892
771980
771992
772119
772259
772460
772463
772506
772682
772981
773160
773161
773165
773174
773185
773225
773227
773254
773271
773345
773347
773351
773422
773529
773530
773563
773565
773590
773653
773732
773926
773933
773934
774003
774009
774011
774495
774506
774543
774619
774620
774660
774725
774788
774808
774811
774963
775010
775031
775050
775225
775692
775812
775987
776135
776189
776254
776293
776518
776606
776726
776875
777001
777011
777085
777093
777175
777176
777177
777355
777373
777388
777428
777674
777681
777877
777926
777972
778174
778392
778597
778732
779054
779360
779415
779462
779618
779642
779686
779732
779923
780010
780123
780198
780594
780631
780645
780763
780791
780987
781090
781102
781186
781327
781386
781515
781588
781772
781797
781973
782043
782287
782305
782375
782653
782654
782684
782739
782793
782820
782924
783025
783103
783273
783282
783410
783420
783499
783605
783687
783691
783729
783810
783858
783971
784153
784198
784236
784238
784313
784535
784558
784621
784718
784790
784824
784879
785015
785044
785134
785186
785205
785335
785387
785436
785466
785487
785528
785593
785628
785635
785650
785688
785689
785697
785714
785715
785744
785883
785889
785903
785920
785951
785954
786070
786085
786095
786169
786193
786406
786418
786477
786495
786509
786520
786593
786619
786661
786803
786997
787180
787181
787275
787285
787443
787511
787650
787738
787952
787975
787981
787985
788100
788165
788215
788229
788368
788405
788445
788486
788584
788589
788598
788769
788890
788977
789007
789102
789114
789248
789308
789348
789360
789364
789430
789469
789529
789578
789615
789785
789859
790016
790026
790112
790168
790202
790216
790227
790272
790488
790489
790545
790553
790556
790576
790650
790667
790752
790891
790911
790934
790952
791501
791669
791670
791676
791694
791901
792062
792075
792295
792304
792387
792390
792489
792503
792533
792582
792677
792815
792867
792925
792968
793031
793036
793354
793375
793672
793713
793725
793943
793947
793996
794091
794101
794436
794520
794640
794742
794804
794823
794886
794887
794898
795009
795015
795043
795176
795262
795263
795368
795495
795664
795691
795723
795917
795939
795969
795979
795988
796006
796009
796029
796054
796069
796073
796135
796148
796309
796866
796909
796929
797065
797134
797208
797230
797263
797270
797336
797404
797430
797621
797639
797667
797677
797700
797716
797908
797959
798212
798437
798458
798477
798508
798516
798764
798874
798903
798965
799001
799014
799077
799147
799151
799153
799215
799314
799323
799396
799462
799463
799495
799498
799526
799611
799780
799784
799902
799929
800138
800193
800219
800231
800275
800278
800281
800307
800346
800857
801151
801232
801237
801280
801387
801450
801605
801823
801937
801951
801982
802013
802081
802435
802546
802668
802929
803006
803067
803335
803385
803880
803933
803948
803964
803984
803991
804068
804400
804416
804442
804575
804611
804745
804845
804881
804910
805217
805260
805338
805374
805474
805537
805639
805725
805759
805885
805960
806037
806706
806716
806720
806722
806725
806726
806729
806731
806748
806821
807357
807404
807422
807531
807756
808054
808176
808235
808243
808264
808370
808371
808372
808422
808436
808498
808501
808527
808542
808691
808786
808791
808960
808980
809001
809002
809056
809094
809254
809274
809392
809424
809694
809852
810107
810180
810340
810966
811076
811102
811120
811143
811247
811282
811469
812083
812172
812223
812362
812618
812682
812762
812813
812814
812823
812962
813031
813172
813383
813471
813587
813697
813786
813789
813802
814104
814255
814264
814269
814497
814510
814513
814592
814705
814749
814889
814890
815000
815131
815229
815239
815277
815280
815291
815650
815847
815941
816254
816406
816440
816526
816548
816549
816569
816596
816858
816914
816936
816967
816983
816990
816995
817292
817294
817304
817337
817366
817422
817425
817448
817477
817537
817539
817543
817551
817553
817584
817723
817834
817836
817879
817924
817931
817948
817999
818014
818033
818134
818151
818295
818382
818385
818411
818428
818430
818432
818434
818442
818447
818459
818593
818660
819049
819202
819252
819274
819283
819493
819670
819907
819929
819930
819945
819992
820012
820053
820167
820301
820311
820426
820489
820524
820653
820743
820834
820835
821141
821182
821328
821724
821968
821969
821971
822016
822017
822020
822028
822056
822068
822093
822097
822110
822244
822257
822258
822287
822330
822343
822366
822371
822435
822548
822572
822609
822635
822689
822692
822710
822845
822848
822914
82301
823027
823095
823097
823176
823180
823237
823436
823493
823547
823577
823580
823658
823665
823732
823916
823938
823945
823949
824021
824162
824174
824240
824243
824253
824254
824265
824443
824480
824487
824493
824602
824743
824785
824800
824887
824947
825427
825454
825740
825852
825902
826037
826180
826191
826371
826388
826566
826685
826689
826729
826798
826982
826991
827031
827083
827293
827298
827405
827604
827784
827990
828008
828038
828046
828049
828051
828052
828070
828097
828111
828223
828243
828284
828488
828664
828680
828780
828895
828983
828987
829063
829184
829360
829383
829456
829460
829553
829913
829988
829992
829995
830242
830324
830344
830388
830392
830408
830652
830656
830715
830759
830818
831398
831400
831465
831693
831720
831724
831794
832139
832231
832470
832473
832636
832672
832717
832880
832943
832949
832995
833286
833292
833495
833511
833885
833963
834034
834069
834187
834230
834284
834721
834756
834830
835435
835722
835730
835808
835892
835896
835899
835907
835924
835954
836010
836211
836233
836271
836283
836470
836630
836764
837052
837060
837117
837637
837723
838069
838108
838244
838713
838875
838969
839054
839073
839280
839516
839627
839640
839670
839862
839888
839890
840177
840241
840247
840292
840526
840584
840678
840872
840883
84106
841078
841097
841129
841413
841495
841527
841714
841954
842017
842087
842356
842513
842553
842577
842913
842989
843004
843019
843187
843247
843287
843432
843609
843679
844466
844561
844671
844814
845246
845341
845811
845822
845825
846075
846221
846606
846642
846696
846929
846944
847094
847349
847627
847863
847952
848031
848085
848150
848333
848347
848502
848504
848569
848576
848641
848666
848731
848935
848943
849069
849071
849171
849236
849237
849500
849723
849810
850145
850163
850349
850378
850435
850480
850721
850738
850918
850929
851001
851009
851010
851040
851132
851231
851296
851349
851381
851436
851546
851689
851816
851836
851845
851953
852110
852117
852452
852531
852639
852792
852860
852909
852981
853003
853126
853181
853428
853568
853650
853779
853909
853996
854174
854185
854478
854948
854952
855030
855058
855180
855229
855230
855244
855273
855295
855520
855523
855544
855683
855763
855799
855803
855805
855914
855916
856002
856107
856366
856383
856638
856665
856749
856797
856814
857082
857088
857262
857441
857628
857868
857886
858038
858056
858067
858089
858196
858493
858597
858660
858662
858809
858888
859039
859046
859048
859055
859058
859062
859085
859089
859170
859221
859222
859308
859326
859569
859576
859586
859604
859756
859858
859968
859980
860033
860035
860101
860119
860175
860176
860232
860345
860349
860360
860560
860562
860622
860642
860646
860648
860672
861087
861088
861164
861192
861335
861338
861399
861409
861478
861487
861613
861633
861702
861703
861716
861783
861852
862024
862078
862117
862142
862143
862148
862179
862198
862217
862286
862294
862341
862344
862360
862363
862398
862401
862442
862490
862558
862770
862849
862886
862916
862943
862998
863227
863299
863512
863515
863600
863653
863753
863818
863943
864176
864249
864355
864425
864519
864562
864608
864802
865073
865127
865178
865207
865218
865252
865288
865316
865328
865374
865419
865509
865676
865684
865688
865698
865776
865792
865803
865826
865871
865916
865926
865977
866091
866104
866138
866245
866254
866278
866306
866381
866605
866610
866632
866638
866642
866680
866863
866880
866928
866950
866978
867097
867108
867109
867118
867143
867208
867485
867550
867585
867675
867682
867691
867838
867992
868026
868045
868163
868321
868380
868433
868586
868589
868612
868636
868640
868711
868746
868993
869003
869069
869084
869101
869174
869497
869565
869832
869908
869919
869933
869934
869984
870004
870011
870014
870081
870100
870112
870128
870131
870452
870461
870471
870574
870577
870849
870850
870866
870869
870897
870901
870985
871057
871203
871204
871245
871279
871296
871363
871423
871510
871530
871594
871670
871695
871697
871784
872012
872058
872091
872162
872379
872403
872446
872544
872548
872578
872636
872670
872711
872838
872864
872897
872993
873046
873056
873058
873225
873250
873298
873398
873449
873464
873501
873517
873518
873556
873626
873662
873712
873749
873751
873771
873835
873848
873851
873867
874023
874028
874040
874046
874061
874363
874419
874436
874491
874533
874584
874601
874635
874674
874785
874792
874821
874847
875042
875138
875139
875163
875257
875297
875326
875432
875479
875488
875496
875509
875574
875717
875775
875798
875894
875902
875946
876111
876168
876277
876374
876633
876793
876871
876926
876944
877006
877178
877199
877262
877295
877298
877300
877316
877320
877331
877368
877370
877450
877603
877682
877684
877686
877719
877748
877773
877851
877856
877953
878025
878186
878292
878300
878307
878379
878381
878412
878441
878442
878443
878452
878472
878545
878551
878614
878690
878747
878801
878824
878897
878898
878901
879008
879098
879147
879162
879185
879228
879246
879293
879295
879317
879375
879520
879523
879578
879595
879597
879658
879678
879692
879782
879863
879974
879977
879980
879982
879985
880010
880101
880164
880226
880277
880361
880382
880388
880399
880421
880470
880701
880752
880789
880868
881006
881049
881057
881101
881120
881209
881219
881385
881499
881590
881633
881661
881768
881807
881905
881909
881937
881939
882009
882054
882306
882337
882353
882420
882485
882538
882578
882582
882624
882790
882795
882960
882986
883145
883147
883345
883406
883501
883599
883600
883601
883602
883603
883609
883649
883777
883898
883908
884006
884011
884431
884432
884436
884467
884484
884492
884498
884585
884634
884638
884821
884887
885015
885054
885057
885062
885066
885075
885086
885289
885294
885366
885402
885417
885530
885579
885597
885796
885806
885926
885966
885997
886015
886019
886032
886033
886035
886036
886037
886038
886039
886041
886170
886199
886311
886323
886376
886444
886474
886848
887027
887165
887167
887171
887177
887203
887256
887273
887320
887394
887406
887438
887468
887516
887605
887780
887853
887868
887876
887908
887911
887951
888031
888115
888399
888407
888484
888486
888492
888527
888550
888558
888563
888572
888587
888594
888601
888624
888635
888746
888766
888775
888800
888817
888881
889102
889120
889220
889417
889492
889526
889530
889610
889638
889770
889827
889835
889838
889847
890085
890105
890130
890133
890136
890137
890140
890195
890262
890319
890356
890409
890566
890690
890973
891104
891171
891194
891218
891357
891360
891439
891516
891556
891575
891721
891806
891822
891836
891897
891926
892076
892100
892110
892168
892229
892268
892275
892277
892289
892378
892413
892463
892532
892605
892766
892935
892937
892959
893009
893011
893424
893609
893610
893683
893849
893965
893994
894048
894188
894311
894345
894375
894376
894595
894876
894877
895137
895143
895180
895359
895429
895471
895473
895543
895561
895565
895603
895616
895778
895827
895836
895938
895957
895982
896008
896035
896103
896181
896256
896267
896270
896274
896312
896545
896596
896688
896711
896733
896748
896860
896887
896911
896986
897050
897062
897066
897095
897256
897268
897275
897410
897428
897554
897567
897672
897744
897777
897794
897811
897848
897849
897880
897943
897960
897969
898000
898012
898059
898166
898170
898184
898192
898308
898485
898559
898706
898732
898738
898743
898744
898775
898783
898837
898881
899052
899110
899213
899218
899222
899254
899276
899348
899352
899363
899375
899532
899576
899608
899727
899786
899789
899908
899991
900114
900137
900162
900228
900268
900418
900428
900430
900433
900442
900500
900573
900593
900675
900776
900865
900972
901030
901058
901098
901207
901271
901294
901517
901519
901712
901733
901786
901916
902041
902097
902175
902234
902421
902539
902691
902695
902721
902729
902910
902924
902966
903244
903273
903388
903452
903453
903454
903511
903573
903714
903801
904003
904049
904140
904196
904201
904256
904460
904471
904472
904477
904480
904529
904549
904808
904953
905046
905226
905239
905312
905533
905700
905854
905981
906075
906100
906249
906375
906465
906632
906634
906693
906795
906796
907129
907289
907316
907332
907342
907376
907559
907689
907755
907787
907796
907821
907893
908003
908205
908283
908337
908570
908665
908692
908844
908870
908878
908913
909048
909099
909101
909102
909249
909273
909729
909756
909779
909782
909783
910036
910085
910155
910167
910183
910184
910221
910241
910243
910288
910431
910436
910523
910563
910595
910646
910668
910953
910955
911098
911115
911127
911148
911209
911678
911748
911785
911916
911982
912006
912057
912121
912139
912189
912213
912260
912347
912351
912447
912475
912543
912588
912646
912699
912717
912743
912887
912889
912891
912892
912898
912915
912918
912929
913014
913045
913060
913155
913234
913366
913509
913630
913641
913665
913711
913717
913826
913855
913945
913947
913949
913955
913972
913983
914066
914077
914079
914138
914239
914324
914403
914405
914434
914438
914581
914594
914603
914604
914609
914615
914729
914748
914753
914861
914863
914926
914930
914985
915067
915173
915214
915226
915388
915426
915506
915521
915556
915740
915835
915923
916162
916180
916256
916329
916390
916451
916454
916582
916597
916601
916667
916710
916732
916804
916873
916946
916953
916954
916964
916997
917072
917188
917189
917226
917227
917389
917391
917448
917498
917583
917617
917696
917706
917844
917863
917887
917983
918004
918017
918024
918049
918053
918210
918226
918275
918305
918329
918396
918507
918551
918588
918634
918695
918716
918797
918802
918981
918996
919060
919072
919188
919349
919490
919493
919541
919706
919709
919831
919835
919947
919965
919978
920116
920141
920224
920321
920337
920436
920478
920509
920570
920750
920794
920803
920876
920943
920956
921038
921045
921102
921191
921226
921310
921311
921366
921413
921513
921581
921630
921686
921732
921795
921850
921877
921942
921947
922003
922125
922144
922193
922208
922212
922214
922221
922338
922693
922835
922847
923166
923281
923315
923331
923332
923333
923345
923439
923600
923735
923850
923854
923856
923857
923859
923971
924004
924098
924181
924182
924201
924388
924442
924463
924466
924574
924614
924723
924879
924933
925050
925073
925199
925275
925303
925338
925415
925458
925710
925712
925771
925892
926014
926158
926417
926477
926479
926501
926579
926722
926725
926902
926928
926929
926974
927043
927132
927372
927375
927423
927605
927717
927815
927917
927930
927974
928144
928278
928315
928335
928358
928419
928489
928619
928640
928787
929127
929159
929234
929349
929384
929535
929750
929766
929824
929887
929888
930045
930161
930202
930641
930643
930680
930863
930901
930931
930953
930967
931003
931169
931246
931383
931440
931463
931477
931845
931889
931921
932179
932235
932282
932305
932342
932344
932719
932867
932880
932928
932937
932963
933023
933025
933083
933162
933170
933262
933462
933482
933539
933646
933649
933693
933727
933926
933961
933984
934075
934103
934113
934163
934177
934225
934274
934532
934695
934852
934883
934951
934967
935014
935176
935229
935277
935366
935417
935753
935784
935788
935803
935815
936061
936101
936187
936198
936271
936273
936378
936421
936422
936426
936633
936987
937197
937377
937539
937586
937627
937670
937870
937953
937997
938071
938084
938111
938162
938188
938189
938248
938549
938616
938694
938754
938995
939040
939084
939091
939098
939122
939489
939643
939783
939840
939943
939955
940038
940107
940182
940206
940262
940286
940292
940494
940500
940538
940541
940542
940685
940777
940804
940946
940953
941002
941012
941018
941051
941058
941089
941109
941226
941287
941291
941321
941387
941409
941540
941643
941673
941725
941781
941799
941862
941910
941990
942011
942051
942063
942112
942120
942126
942229
942292
942297
942340
942362
942374
942393
942464
942513
942520
942581
942622
942673
942803
942815
942853
942915
943070
943251
943285
943292
943306
943339
943496
943510
943517
943524
943586
943621
943669
943672
943673
943681
943759
943883
944073
944114
944128
944145
944375
944403
944499
944640
944694
944828
944887
944947
945033
945068
945482
945489
945583
945697
945739
945753
945842
946066
946181
946222
946320
946326
946395
946591
946592
946601
946676
946754
947143
947212
947216
947242
947309
947406
947570
947574
947708
947710
947733
947839
947867
947952
947984
947988
948324
948805
948807
948872
948873
948879
948880
948881
948883
948884
948888
948889
948893
948946
948985
949217
949227
949249
949336
949355
949380
949462
949556
949589
949678
949720
949754
949762
949858
950014
950051
950058
950088
950097
950334
950337
950367
950430
950565
950656
950661
950667
950732
950915
950921
950936
951132
951142
951146
951364
951413
951518
951609
951616
951633
951651
951658
951674
951675
951695
951714
951726
951747
951794
951795
951828
951874
952055
952092
952165
952180
952190
952194
952201
952214
952401
952421
952465
952511
952565
952568
952585
952708
952734
952736
952767
952817
952865
952905
952934
952963
952998
953124
953206
953313
955890
955891
955933
956044
956138
956151
956231
956388
956484
956488
956568
956645
956757
956760
956804
956943
957117
957160
957187
957291
957585
957634
957863
957922
957952
958048
958089
958169
958176
958303
958347
958413
958645
958687
958874
958966
958985
959003
959061
959076
959130
959222
959275
959567
959594
959640
959844
959859
960043
960051
960095
960237
960270
960332
960351
960389
960600
960669
960704
960730
960737
960776
960780
960903
960905
960933
960941
960959
960997
961085
961106
961165
961360
961380
961392
961519
961531
961532
961621
961659
961767
961777
961798
961863
961868
962085
962220
962357
962381
962433
962494
962511
962531
962541
962577
962652
962677
962808
962849
962857
963002
963005
963075
963083
963282
963490
963499
963590
963593
963639
963779
963865
963869
963919
963932
963937
963977
963999
964014
964015
964268
964349
964356
964433
964545
964669
964684
964700
964709
964819
964939
964977
965113
965116
965157
965158
965171
965172
965181
965334
965607
965697
965703
965814
965820
965872
965985
966039
966134
966150
966167
966199
966201
966242
966253
966275
966424
966511
966520
966546
966572
966579
966601
966620
966639
966640
966694
966755
966787
966805
966842
966843
966894
966895
966896
966970
966988
966991
967120
967156
967201
967234
967319
967344
967370
967372
967378
967393
967411
967698
967812
967813
967839
967873
968241
968251
968316
968388
968440
968442
968510
968565
968727
968896
969306
969443
969584
969592
969724
969804
969914
969972
970404
970485
970517
970532
970884
970937
971116
971129
971234
971662
971702
971798
971967
971974
972069
972102
972405
972485
972655
972691
972795
972945
973166
973303
973559
973711
973741
973983
974056
974072
974550
974652
974747
975084
975167
975372
975522
975591
975794
975804
975894
976393
976489
976513
976559
976679
976772
976792
977043
977066
977150
977262
977267
977443
977554
977586
977774
978045
978068
978084
978127
978251
978309
978491
978540
978541
978653
978752
978948
978964
979030
979034
979041
979054
979292
979326
979378
979456
979477
979536
979574
979587
979628
979909
979991
980006
980090
980155
980182
980231
980248
980433
980445
980502
980503
980506
980530
980569
980766
980786
980835
980910
980911
981041
981183
981241
981258
981370
981418
981758
981867
981924
982201
982319
982322
982484
982597
982620
982627
982835
982893
982997
983259
983331
983386
983469
983614
983636
983681
983712
983761
983847
983871
983913
983927
983933
983951
983970
984004
984037
984051
984141
984365
984442
984628
984857
984872
984929
984969
985094
985206
985234
985417
985425
985488
985555
985597
985659
985742
985868
985924
986060
986151
986223
986467
986481
986639
986683
986688
986705
986755
986808
986838
986845
986853
986932
987089
987177
987310
987333
987347
987369
987404
987443
987681
987784
987797
987870
987890
988001
988106
988138
988144
988237
988278
988305
988310
988313
988314
988327
988328
988329
988330
988335
988506
988661
988826
988887
989025
989043
989053
989067
989083
989133
989307
989326
989364
989374
989417
989479
989609
989642
989752
989875
989984
990074
990243
990384
990672
990741
990799
990852
991034
991045
991075
991112
991168
991347
991359
991376
991392
991589
991636
991734
991745
991757
991762
991797
991810
992275
992309
992363
992413
992526
992593
992613
992679
992878
993014
993029
993162
993190
993416
993498
993580
993802
994055
994134
994188
994257
994263
994555
994729
994732
994747
994758
994844
995161
995164
995252
995295
995300
995412
995431
995806
996003
996053
996121
996364
996371
996430
996622
996778
996785
996899
996988
997065
997131
997163
997198
997239
997320
997382
997446
997622
998065
998071
998073
998083
998302
998344
998597
998718
998898
998934
999236
999298
999299
999417
999568
999616
999687
999854
999993
