10074
10190
10216
10324
10424
10430
10449
10460
10574
10575
10617
10644
10744
10773
10775
10880
10920
10946
11030
11035
11041
11212
11310
11427
11428
11475
11626
11637
11791
11793
12132
12151
12172
12181
12207
12340
12353
12596
12617
12655
12678
12757
12877
12880
12910
12981
13025
13104
13204
13211
13351
13511
13598
13603
13609
13914
13986
14037
14147
14276
14303
14321
14376
14453
14518
14550
14726
14892
14921
15001
15045
15057
15113
15207
15592
15603
15610
15616
15679
15761
15786
15852
15859
15866
15868
15993
16057
16125
16134
16137
16142
16261
16368
16452
16520
16521
16656
16661
16739
16813
16908
16937
17006
17073
17093
17108
17135
17217
17236
17274
17462
17564
17629
18025
18156
18170
18348
18443
18452
18623
18757
19012
19188
19242
19304
19439
19611
19626
19753
19849
19954
20111
20183
20312
20414
20558
20617
20619
20656
20874
20957
21085
21095
21287
21370
21371
21495
21523
21539
21668
21830
21873
21935
21944
22030
22104
22194
22203
22259
22299
22348
22529
22741
23130
23223
23287
23421
23501
23567
23606
23642
23673
23713
23747
23748
23795
23836
23902
23956
23998
24030
24165
24219
24228
24232
24417
24450
24483
24734
24801
24805
24922
24991
25040
25090
25202
25420
25477
25520
25635
25656
25772
25875
25917
26002
26079
26462
26467
26552
26562
26602
26686
26767
27189
27313
27352
27525
27550
27787
27811
27834
27866
27886
27928
27951
27985
28037
28047
28063
28125
28174
28204
28218
28287
28310
28459
28492
28515
28523
28732
28898
29003
29098
29106
29148
29161
29216
29310
29318
29404
29518
29696
29732
29740
29744
29889
29962
29964
30022
30033
30134
30190
30399
30585
30586
30723
30732
30877
30919
31083
31128
31183
31226
31247
31268
31431
31440
31448
31483
31759
31848
31898
31913
31978
32443
32486
32529
32561
32652
32787
32848
33078
33098
33112
33170
33382
33438
33765
33803
33901
34014
34209
34275
34452
34512
34520
34542
34588
34607
34834
34901
35081
35102
35211
35247
35292
35314
35350
36166
36269
36410
36438
36506
36507
36590
36780
36783
36816
36883
36951
37051
37064
37100
37145
37194
37288
37553
37680
37753
37791
37840
37911
37912
37968
38014
38017
38034
38035
38070
38084
38108
38149
38301
38340
38403
38448
38521
38524
38642
38644
38698
38701
38737
38793
38819
38838
38848
38910
38962
39045
39095
39133
39203
39243
39245
39311
39313
39332
39369
39420
39487
39518
39519
39593
39613
39653
39710
39713
39761
39799
39815
39843
39854
39939
39944
39985
39992
40004
40030
40037
40054
40064
40090
40169
40183
40232
40243
40310
40323
40400
40430
40432
40439
40447
40454
40470
40476
40573
40576
40651
40653
40656
40658
40721
40756
40805
40827
40831
40841
40865
40878
40883
40894
40910
40948
40952
41035
41056
41097
41120
41144
41148
41190
41230
41231
41334
41484
41551
41644
41793
41796
41798
41823
41826
41835
41887
41897
41960
42005
42031
42070
42114
42135
42175
42186
42190
42203
42572
42592
42757
42829
42847
42891
42898
42993
43031
43039
43135
43167
43183
43210
43211
43310
43358
43359
43371
43386
43415
43432
43472
43509
43512
43555
43562
43589
43596
43697
43711
43738
43786
43789
43822
43856
43857
43881
43882
43889
43890
43906
43956
43976
44001
44004
44014
44020
44026
44076
44135
44152
44165
44195
44262
44334
44346
44356
44377
44402
44458
44560
44584
44699
44729
44799
44800
44803
44817
44838
44845
44901
44905
44917
44931
44948
45033
45082
45084
45107
45158
45196
45318
45331
45333
45340
45387
45434
45444
45445
45450
45522
45529
45578
45584
45605
45687
45722
45747
45792
45806
45856
45875
45888
45911
45994
46018
46066
46110
46146
46167
46214
46275
46318
46333
46380
46399
46421
46467
46494
46508
46541
46672
46688
46749
46830
46837
46916
46949
46952
46971
46996
47022
47037
47106
47184
47236
47241
47325
47335
47348
47383
47390
47408
47476
47634
47682
47686
47707
47722
47766
47782
47935
47945
47951
48052
48061
48125
48215
48241
48272
48304
48340
48351
48357
48359
48377
48401
48416
48444
48459
48460
48474
48496
48594
48632
48720
48761
48787
48796
48807
48865
48930
48944
48947
49113
49152
49167
49246
49272
49328
49369
49383
49388
49460
49491
49498
49502
49512
49535
49559
49611
49623
49634
49639
49705
49823
49825
49838
49967
50048
50093
50117
50174
50176
50199
50243
50292
50307
50332
50335
50349
50350
50371
50375
50376
50381
50382
50388
50396
50434
50447
50559
50622
50653
50655
50662
50735
50823
50851
50913
50919
50979
51072
51075
51214
51231
51285
51329
51330
51350
51357
51358
51363
51371
51372
51398
51571
51590
51592
51697
51748
51958
51969
52175
52212
52229
52239
52256
52394
52464
52478
52559
52648
52748
52755
52779
52823
52877
52878
52881
52893
52900
52904
52964
53006
53023
53040
53098
53104
53131
53134
53444
53452
53555
53663
53698
53730
53741
53824
53910
53916
53929
53998
54015
54030
54133
54145
54179
54311
54345
54346
54357
54384
54419
54420
54435
54462
54463
54587
54611
54651
54687
54698
54706
54735
54739
54881
54893
54946
54948
55089
55121
55264
55293
55320
55329
55360
55397
55415
55420
55475
55523
55547
55558
55616
55643
55676
55782
55786
55890
55892
55910
55962
55972
56038
56062
56094
56105
56110
56128
56153
56196
56214
56216
56233
56241
56285
56287
56306
56329
56351
56480
56532
56603
56615
56639
56687
56729
56767
56823
56832
56855
56858
56924
56925
56960
57070
57092
57167
57168
57198
57204
57358
57524
57641
57685
57771
57832
57879
57895
57968
58020
58024
58037
58091
58126
58202
58213
58292
58349
58454
58666
58761
58777
58871
58872
59019
59039
59045
59087
59111
59230
59313
59348
59542
59838
59844
59856
59864
59869
59970
60009
60024
60261
60275
60487
60510
60525
60577
60599
60794
60869
61067
7764
7791
7803
7810
7812
7818
7822
7832
7840
7841
7862
7882
7930
7991
8037
8122
8143
8170
8223
8227
8234
8388
8449
8453
8464
8482
8493
8544
8569
8572
8625
8643
8696
8724
8841
8853
8869
8927
8938
8943
8944
8963
9003
9011
9012
9061
9065
9076
9187
9244
9410
9413
9424
9446
9469
9534
9644
9673
9729
9770
9787
9858
9866
9873
9989
