10020
10024
10051
10055
10056
10083
10110
10116
10140
10145
10157
10169
10171
10175
10201
10253
10267
1027
10308
10315
10320
10333
10339
10459
10474
10546
10582
10588
10592
10596
10604
10671
10675
10676
10679
10692
10695
10764
10776
10817
10835
10838
10847
10868
10876
10886
10889
10914
10955
10962
10974
10983
11018
11043
11045
11059
11198
11210
11234
11250
11279
11311
11319
11320
11325
11327
11349
11350
11361
11369
11381
11408
11417
11440
11449
11455
11459
1147
11473
11536
11557
11575
11600
11634
11637
11646
11658
11700
11724
11737
11741
11753
11778
11779
11801
11810
11816
11932
11943
11951
11974
11978
11983
1200
12001
12013
12014
12058
1207
1208
12082
12092
12100
12103
1213
12142
12165
12173
12215
12231
12254
12258
12264
12269
12275
12283
12289
12322
12324
12340
12345
12350
12358
12371
12373
12374
12383
12389
12416
12440
12441
12446
12448
12490
12500
12508
12512
12527
12547
12553
12586
12592
1261
12612
12617
1262
12628
12630
12647
12656
12666
12713
12739
12744
12752
12755
12799
12802
12804
12806
12818
12826
12828
12847
12857
12860
12890
12894
12913
12915
12926
12934
12935
12953
12965
13011
13014
13024
13026
13029
13035
13056
13062
13107
1314
13142
13145
1315
13159
13176
13211
13212
13237
13260
13273
13282
13299
13313
1333
13353
13366
13375
13382
13386
13404
13417
13424
1343
13439
13470
13471
13498
13519
13539
13567
13572
1358
13604
13617
13620
13674
13692
13724
13726
13733
13801
13804
13814
13821
13848
13853
13931
13948
13972
13974
13985
13987
13990
14009
1401
1404
14050
14069
14079
14088
14103
1411
14119
1413
14131
1414
14150
14188
14231
14235
14282
14296
14315
14316
14328
14350
14356
14358
14411
14446
14472
14517
14522
14538
14551
14581
14614
14635
14649
14665
14695
14699
14751
14760
14782
14829
14838
14853
14856
14871
14905
14963
14980
14984
14999
150
15001
15004
15005
15052
15067
15068
15120
15133
15139
15141
15152
1516
15167
15185
15193
15220
15236
15242
15258
15274
15289
15296
15303
15342
15403
15408
15422
15430
15444
15479
15500
15509
15521
15543
15572
15576
15578
15592
15593
15600
15601
15604
15607
15608
15613
15627
15633
15638
15649
15651
15656
15698
15713
15715
15717
15719
15734
15749
15769
15802
15803
15808
15824
15846
1586
15860
15915
15921
1596
16001
16032
16046
16086
16104
16114
16134
16164
16199
16204
16213
16294
16323
16326
16356
16366
16408
16409
16469
16474
16478
16574
16590
16592
166
16643
16662
16667
16701
16789
16833
1684
1687
16923
16927
16949
16999
17002
17020
17023
17069
17079
17081
17104
17107
17178
17186
17188
17189
17216
17236
17265
17266
17290
17297
17311
17313
17322
17329
17349
17356
1736
17369
17380
17383
17384
17389
17424
17427
17428
17482
17500
17513
17527
17538
17540
17566
17581
17586
1759
17625
17651
17684
17698
17715
17723
17728
17730
17733
17738
17761
17762
17779
17787
17791
17807
17808
17817
17825
17832
17853
17881
17923
17924
17933
17985
17986
18014
18036
18058
18079
18091
18102
18104
18115
18119
18142
18175
18222
1823
18234
18239
18242
18278
18282
18302
18322
18362
18420
18434
18502
18532
18596
18599
18624
18628
1866
18697
18699
18715
1873
18740
18741
18804
18809
18810
18819
18840
18847
18851
18862
18867
18868
18877
18928
18931
18939
18942
18946
1895
18971
190
19001
19031
19037
1906
19070
19072
19077
19103
19109
19124
19128
19132
19152
19210
19267
19277
19285
19295
19296
19309
19321
19333
19342
19348
19364
19386
19398
19435
19462
19472
19475
19488
19489
19519
19521
19579
19606
19649
19674
19681
19683
19705
1971
19729
19738
19800
19801
19818
19870
19877
19900
19907
19942
19956
19959
19977
19978
1999
19999
20043
20056
20077
20078
20117
20155
20160
20161
202
2024
20245
20249
20250
20251
20253
20255
20268
20270
20282
20290
20292
20300
20303
20306
20309
20318
20326
20338
20344
20348
2035
20365
20368
20376
20385
20389
2040
20402
20412
20413
20425
20435
20437
20466
205
20504
20515
20519
20522
20526
20532
20604
20631
20672
20697
20727
20740
20750
20753
20756
20760
20761
20769
20822
20907
20940
20958
2098
21020
21022
21041
21045
21053
21058
21064
21102
21112
21115
21136
21144
21159
21163
21213
21230
21239
21250
21254
21268
21317
21327
21330
21342
21346
21372
21403
21418
21419
21436
21489
21502
21528
21540
21557
21606
21617
21641
21659
21668
21692
21703
21722
21736
2175
21753
21785
21803
21821
21828
21873
21879
21889
21906
21911
21941
21946
21952
22036
22039
22042
22052
22053
22084
22113
22167
22168
22189
22192
22211
22220
22239
22240
22255
22274
22301
22311
22328
22333
22340
2237
22371
22387
22418
22421
22445
22509
22541
22544
22559
22563
22578
22600
22619
227
2291
2299
23043
23047
23072
23075
23098
23103
23113
23117
23131
23161
2319
23190
23205
23228
23230
23233
23241
23288
23300
23324
2333
23336
23367
2338
23392
23427
23431
23439
23454
23478
23479
23490
23495
23498
23499
23506
23507
23549
23560
23561
23567
23576
23585
23587
23601
23620
23646
23656
23684
23710
23717
23722
23726
23732
23739
23754
23758
23762
23806
23827
23829
23837
23891
23898
2391
23943
23973
2400
24051
24057
24070
24101
2412
24120
24160
24170
24183
24251
24255
2428
2429
24293
24297
24321
24329
24358
24444
24460
24461
24473
2449
24497
24533
2454
24577
24581
24626
24644
24683
24762
24883
24908
24940
24994
25016
25023
25115
25130
25161
25183
25187
25207
25224
25283
25309
25310
25330
25348
2535
25414
25429
25432
25450
25456
25468
25507
25514
25535
25562
25578
25636
25654
25670
25672
25676
25682
25703
25713
25717
25795
25799
25801
25816
25859
25861
25880
25885
25890
25892
25900
25961
2598
25993
25996
26026
2603
2605
26050
26053
26055
26063
26087
26096
26097
26103
26161
26171
26184
26188
26222
26244
26247
26254
26272
26296
26345
26375
26390
26441
26449
26483
26494
26500
26625
26638
26655
26685
26706
26754
26797
26847
26855
26858
26881
26892
26901
26964
26998
27024
27057
2707
27073
27149
27150
27171
27184
27271
27273
27291
27335
2735
27352
27366
27377
27477
27489
27538
27574
27616
27622
27671
27676
27697
277
27718
27729
27730
27735
27746
27756
27761
27769
27777
27860
27872
27890
27892
27893
27898
27936
27953
27963
28011
28047
28063
28072
28096
2812
28136
28165
28190
2820
28226
28227
28243
28280
28287
28299
28305
28312
28340
28352
28368
28418
28419
28426
28435
28489
28491
28502
28528
28576
28591
28609
28636
28649
28692
28709
28712
28726
28733
2874
28744
28754
28768
28784
28800
28812
28892
28901
28953
2896
28982
29013
29015
2903
29062
29091
29128
29129
29132
29154
29172
29195
29200
29205
29323
29324
29329
29467
29521
29544
29558
29587
29594
2960
29797
29798
29802
29805
29812
29840
29841
29856
29869
29879
29906
29924
30001
30013
30020
30071
30113
30134
30161
30189
30213
30242
30246
30260
30360
30363
30427
30428
30454
30468
30479
30511
30513
30541
30550
30560
3059
30600
30606
30607
30620
30643
30647
30714
30740
30742
30748
3075
30753
30762
30773
30786
30805
3081
30827
30841
30899
30949
30967
31020
31072
3116
31228
31353
31360
31396
3144
31499
31500
31520
3163
31660
31673
31691
31694
31771
31776
31842
31869
31871
31899
3190
31906
31924
31932
31944
32041
32061
32098
32161
32198
32207
32219
32283
32293
32295
32300
32339
32366
32372
32465
32511
32557
32563
3260
32610
32632
32664
32776
32790
32796
3281
3285
32868
32929
32974
33009
33085
33100
33148
33192
33224
33238
3325
33278
33304
33306
33309
33316
33326
33410
33415
33454
33466
3347
33537
33552
33638
33639
33644
33653
33669
33688
33721
33722
33732
33739
33764
33772
33788
33796
33822
33828
33846
33868
33919
33922
33927
33928
34012
34019
34033
34035
34037
34098
341
34132
3414
34149
3417
34171
34173
34249
34252
3426
34284
34287
34289
34302
34312
34360
34361
34366
34369
34408
3441
34415
34444
34456
34457
34490
34506
3451
34553
3456
34601
34602
34628
34646
34692
34695
34768
34773
34799
34808
34867
34895
34904
34908
34911
34959
34993
34998
34999
35017
35020
35035
3504
35061
35115
35143
35162
35165
35169
35210
35216
35218
3523
35232
35235
35273
35281
35313
35379
35420
35430
35434
35435
35436
35438
35440
35445
35447
35449
35526
35542
35604
35619
3563
35634
35649
35660
3571
35729
35738
35748
35750
35751
35752
35792
35838
35855
35896
3591
35917
35938
35950
35953
35998
36001
36006
3602
36021
36060
36111
36247
36252
36278
36312
36320
3635
36365
3640
36419
36432
36438
36446
36452
36470
36489
36507
36554
36617
36649
3669
36690
36702
36728
36750
36777
36864
36892
36908
36918
36929
3694
36957
36970
36976
36977
36998
3700
37020
37068
3711
37132
37152
37153
37156
37171
37186
37215
37219
37271
37273
37287
373
37303
37322
37324
37328
37333
37360
37377
37397
37409
37424
37435
37483
37489
37529
37544
3756
37585
37636
37641
37645
37660
37681
37724
37726
37738
37743
37772
37782
37801
37859
37890
37922
37924
37948
37977
37993
37998
38006
38010
38014
3803
38034
38088
38100
38127
3824
38245
38251
38262
38280
38281
38300
38367
38381
38383
38390
38396
38416
38450
38495
38578
38580
38582
38583
38607
38700
38740
38742
38757
38774
38862
38867
38869
38872
38879
38921
38938
38948
38957
38987
39037
39077
39086
39110
39150
39196
39213
39241
39252
39264
39267
39372
39379
39387
39412
39432
39454
39464
39471
39474
39485
39495
3951
39522
39556
39563
39564
39581
39582
39588
39605
39645
39646
39647
39648
39660
39706
39712
39739
39762
39779
39794
39855
39871
39889
39899
39902
39903
39914
39928
39929
39938
39940
3995
39983
40012
40027
40032
40033
40040
4007
40086
40101
40118
40166
40172
4020
40338
40347
40350
40401
40408
40430
40431
40445
40521
40563
40573
40578
40590
40596
40597
40608
40609
40616
40631
40659
40660
40666
4068
40705
40710
40713
4076
40761
40777
40781
40787
40816
40854
40861
40868
40885
40900
40924
40928
40956
40972
40989
40990
41031
41048
41064
41065
41087
41122
41163
41170
41180
41182
41205
41217
41229
41232
41238
41239
41241
41245
41248
41266
41276
4128
41295
41340
41343
41345
41349
41350
41353
41371
41383
41395
41404
41405
4141
41411
41445
41457
41474
41476
41511
41535
41543
41558
41564
4157
41594
41616
41619
41620
41637
41646
41673
41679
41695
41698
41700
41717
41771
41801
41812
41818
41828
41833
41844
41862
41888
41893
4191
41917
4192
41926
41929
41935
4195
42068
4208
42084
42096
4213
42153
42166
42170
42216
42234
42244
42246
42253
42278
42294
4230
42306
42345
42347
42369
42388
42389
42395
42424
42425
42439
42442
42445
42454
42455
42463
42475
42500
42511
4252
42520
42554
42589
42621
42626
42629
42630
42631
42659
42662
42690
42708
42721
42775
42782
42786
42798
42800
42812
42835
42861
42889
42896
42897
42918
4294
42941
42946
4295
42955
42977
43010
43021
43051
43058
43061
43077
43082
43084
43096
4311
43121
43128
43150
43160
43161
43165
43166
43170
43176
43177
4319
43190
43195
43202
43237
43245
43248
43260
43276
4328
43288
43290
43293
43299
4330
43304
43325
43329
43332
43335
43360
43370
43371
43381
43384
43385
43395
43413
43438
43443
43479
43494
43516
43520
43531
43540
43553
43557
43593
43596
4360
43628
43642
43651
43656
43661
43670
43684
43731
43737
43762
43767
43772
4382
4383
43858
43870
4389
43893
43935
43936
43937
43942
43964
43972
43983
43994
44013
44023
44024
44048
44076
44095
44125
44140
44164
44169
44174
44178
44181
44194
44214
44216
44255
44281
44287
44299
44315
44322
44335
44367
44374
44404
44421
44426
44427
44431
44432
44455
44469
44470
44479
4448
44488
44509
44512
44517
4461
44610
44621
44633
44659
44668
44691
44694
44695
44699
44713
44721
44726
4475
44764
44770
44772
44774
44782
44787
4481
44820
44825
44828
44832
44838
44858
4489
44892
4490
44901
44919
44921
44941
44970
44971
44986
45003
45006
45015
45024
45028
45038
45042
45051
45054
45062
45078
45088
4509
45101
45103
45105
45107
45110
45119
45136
45137
45162
45171
45176
45177
45235
45259
45321
45350
45352
45353
45354
45357
45362
45381
45394
45400
45419
45444
45445
45499
45500
45504
45519
45531
45538
45570
45584
45593
456
45611
45617
45621
45630
45656
45660
45672
45678
45682
45686
45695
45700
45703
45728
45739
45751
45773
45792
45796
4583
45842
45849
45865
45869
45878
45882
45888
45912
45925
45939
45951
45958
45969
45989
45997
46002
46015
46095
461
46150
46171
46178
46204
46240
46241
46248
46252
46255
46258
46315
46338
46350
46358
46366
46375
46386
46392
46395
46397
46440
46456
46462
46475
46490
46516
46521
46533
46547
46561
46571
46585
46609
46614
46617
46665
46704
46724
46730
46749
46755
46760
46771
46774
46776
46777
46782
46796
46799
468
46804
46810
46812
46865
46875
46889
46893
46902
46944
46946
46955
46963
46965
4697
47008
47027
47028
47043
47044
47055
47073
47075
47076
47078
47106
47113
47118
47137
47147
47150
47159
47166
47176
4720
47209
47215
47216
47232
47244
47249
47283
47299
47314
47337
47366
47378
47414
47452
47473
47484
47501
47515
47525
47547
47612
47614
47620
47624
47647
47656
4766
47684
47698
47736
47763
47780
47786
47787
47801
47807
47820
4784
47858
47866
4787
47880
47881
47899
47910
47925
47946
47963
47992
47994
48000
48009
48013
48017
48019
48020
48043
48062
48076
48088
48102
48116
48120
48135
48141
48144
48146
48147
48148
48153
48156
48159
48160
48161
48163
48167
48170
48176
48182
48187
48203
48204
48207
48216
48220
48235
48240
48248
48253
48263
48272
48302
48305
48306
48307
48312
48332
48333
48337
48343
48345
48374
48381
48389
48401
48403
48407
48410
48411
48418
48442
48455
48466
48501
48502
48503
48512
48532
48539
48549
48552
48553
48575
4859
48596
48633
48650
48677
48695
48711
48716
48721
48740
48742
48757
48778
48826
48830
48835
48844
48853
48885
48927
48928
48956
48964
48967
48971
49013
49014
49032
49047
49078
49084
49086
49090
49091
49095
49097
49104
49114
49120
49128
49145
49154
49160
49169
49173
49190
49193
49195
49235
49262
49303
49314
49315
49344
49354
49364
49366
49371
49382
49396
49408
49429
49451
49452
49472
49474
49486
49511
49522
49544
49567
49602
49619
49655
49680
49710
49720
49769
49786
49794
49804
49825
49831
49841
49845
49847
49859
49864
49871
49887
49888
49890
49891
49907
49912
49914
4994
49940
49941
49944
49951
49964
49977
49994
50006
50010
50017
50018
50026
50047
50048
50063
50146
50167
50179
50191
50212
50218
50237
50249
50299
5031
50317
50326
50332
50347
50352
50396
5044
50459
50461
50496
5057
5059
50615
50621
5064
50654
50656
50663
50699
50709
50738
50743
50764
50777
50778
50822
50826
50827
50833
50842
50857
50869
50876
5088
50888
50927
51014
51023
5103
51032
51040
51044
5105
51051
51061
51094
51098
51112
5117
51201
51256
51294
51303
51307
51321
51339
51346
51374
51388
51410
51447
5147
51483
51495
51500
51505
51517
51564
51567
51570
51572
5163
51648
5165
51650
51667
5172
51725
51734
51746
51767
51771
51796
51849
51856
51860
51902
51924
51933
51950
51978
51985
52001
52023
52027
52041
52060
52084
52085
52092
52095
52110
52118
52123
52165
52170
52172
52181
52190
52203
52208
52250
5226
52266
52287
52290
52291
52341
52342
52358
52362
52397
52472
52557
52573
52583
52586
52629
5263
52645
5269
52714
52727
52730
52773
52803
52808
52812
52840
52857
52862
52872
52878
52880
529
52977
52983
53001
53021
5304
53042
53060
53066
53119
53125
53145
53176
53183
53197
53229
53235
53249
53300
53331
53352
53373
53453
53459
53463
53466
53469
53470
53502
53519
53532
5354
53562
53580
53589
53592
5365
53671
5368
53701
53702
53740
53860
53874
53912
53916
53927
53942
53948
53955
53968
53973
53996
54040
54088
54092
54103
54113
54124
54125
54127
54128
54138
54171
54177
5420
54281
54290
54294
54300
54306
54326
54335
54355
54363
54369
54381
54402
54419
54428
54453
54455
54456
54457
54472
54478
54479
54484
54508
54524
54552
54555
54592
54609
54611
54623
54642
54643
54644
54659
54688
54694
54732
54739
54789
54792
54793
5482
54820
54828
54834
54837
54845
54850
54870
54871
54876
5489
54918
54919
54926
54953
54970
54979
55006
55010
55049
55051
55059
55063
55067
55068
55094
55106
55141
55151
55154
55158
55193
55201
55202
55211
55247
55270
55273
55291
55315
55342
55379
55383
55388
55396
55414
55435
55439
55450
55451
55455
55458
5547
55470
55488
55489
55508
55512
55533
55541
55552
55570
55571
55579
55604
55608
55617
55630
55665
55679
55686
55702
55715
55717
55719
55740
55784
55792
55794
5582
5587
55884
55946
55950
5597
56005
56023
56078
5609
56117
56124
56131
56144
5615
56154
56171
56172
56173
56178
56181
56195
56198
56225
56227
56246
56258
56275
56320
56327
56330
56356
56393
56434
56454
56466
56474
56494
56510
5656
56566
56571
56605
56656
56689
5670
56714
56732
56745
5675
5681
56824
56833
56847
56870
56921
5695
56950
5696
56974
56980
56989
56990
56992
57003
57028
57032
57045
57046
57074
57077
57100
57104
57105
57130
57157
57188
57189
57232
57266
57268
57300
57316
57340
57344
57351
57381
5742
57422
57425
57439
57450
57452
57457
57459
5747
57474
57518
57519
57559
57563
57577
5758
57580
57604
57609
57620
57630
57637
57651
57652
57662
57676
5770
57708
57773
57786
57821
57824
57915
57934
5794
57960
57963
58048
58079
5812
58123
58186
58220
58239
58264
58267
58286
58295
58315
58346
58369
58386
58388
58411
58413
58420
58438
58443
5848
58509
5854
58542
58543
58545
58572
58580
58662
58668
58679
58710
58726
5876
58831
58844
58893
58925
58933
58934
58942
58943
58951
58960
58967
58968
58994
58997
59009
59018
5902
59029
59036
5904
59061
59063
59073
59084
5909
59094
59099
59106
5911
5913
59133
59136
59166
59218
5923
59258
59275
59279
59306
59309
59310
59317
59321
59323
59331
59335
59339
59340
59346
5935
59351
59382
59397
5941
59415
59418
5942
59430
59432
59433
59437
59446
59461
59466
59477
59496
59503
59506
59510
59511
59535
59541
59575
59583
59585
59600
59647
59649
59708
59717
5972
59724
59772
59802
59825
59835
59846
59855
59858
5986
59866
59871
59878
59891
59896
59905
59913
59915
5993
59934
59935
59940
59959
59963
59985
59992
60024
60030
60038
6005
60055
60087
60101
60114
60116
60131
60139
60142
60155
60164
60166
60194
60197
6024
60257
60261
60268
60275
60288
60317
60343
60351
60406
60411
60436
60438
60439
6045
60452
60472
60508
60535
60569
60570
60601
60603
60613
60644
60650
60651
60652
60655
60663
60703
60736
60743
60756
60763
60776
60782
60804
6081
6085
60851
60866
60870
60901
60915
60929
60931
60969
60975
60983
60984
61013
61053
61058
61065
6107
61070
61078
61084
61094
61095
61096
61100
61106
61136
61162
61188
61204
61210
61212
61220
61222
61246
61248
61254
61255
61258
61264
61271
61272
61273
61278
61303
61308
61316
61325
61389
61446
61461
61498
61505
61522
61553
61565
6158
61583
61585
61598
61605
61608
61612
61620
61629
61657
61672
61673
61679
61685
61741
61746
61779
61801
6181
61817
61852
61854
6187
61871
61877
61880
6189
61897
61914
61923
61977
62019
62030
62059
62073
62089
62146
62151
62208
6223
62260
62300
62301
62304
6233
6290
6294
6300
6301
6305
6314
6315
63188
63191
63210
63235
63239
63240
63284
63285
63307
63310
63316
63328
63340
63342
63357
63397
6343
63432
63448
63453
63475
63480
63495
63496
63520
63543
63567
63573
6358
63581
63615
63620
63622
63623
63626
63659
63690
63697
63703
63731
63740
63750
63784
63813
6382
63821
63831
63832
63839
63843
63853
63862
63866
6387
63877
6388
63888
6389
63906
63913
63917
63927
63931
63952
63956
63957
63958
63995
64023
6405
64050
64057
64078
64087
64110
64156
64164
64170
64172
64198
64219
64223
64238
64249
6425
64256
64265
64279
64291
64316
64317
64336
64344
64349
64417
64423
64435
64440
6445
64510
64511
64536
64539
64557
64575
64595
64610
64612
64632
64637
64640
64663
64676
64682
64683
64688
64690
64709
64737
64738
64741
64748
6475
64756
64778
64803
64817
64820
64836
64856
64868
64880
64885
64905
64916
64955
6497
64984
64999
65004
65019
65040
65050
65060
65067
65083
65100
65120
6514
65150
6517
65179
6520
6521
65228
65238
6525
65259
65280
65321
65349
65353
65367
65400
65401
65444
65451
65462
65467
65479
65490
65522
65537
65549
65570
6558
65583
65586
65587
65616
65678
65693
65717
65755
6576
65761
65763
65779
65785
65798
65805
65830
65901
65932
65980
66048
66066
66068
66085
66098
66105
66138
66147
6615
66187
66190
66206
66208
66220
66237
66242
66252
6627
66301
66304
6631
66319
66322
66341
66343
66351
66378
66415
66432
66444
66448
66471
66503
66516
6652
66526
66535
66556
66574
6660
66626
66638
66653
66668
66688
66691
66728
66737
66744
66782
66790
66838
66869
66870
66883
66904
66940
67028
67029
67037
67088
67101
67103
67106
67107
6713
67145
67167
6717
67205
67218
67258
67264
67279
67355
67363
67385
67410
67432
67443
67465
6748
67495
67500
67501
67502
67580
6759
67609
67613
6809
6822
6842
6844
6852
6865
6919
6940
6980
7054
7055
7060
7070
7073
7078
7081
7087
7102
7124
7126
7128
7130
7138
7150
7180
7241
7263
7284
7291
7292
7305
7344
7353
7358
7411
7416
7482
7507
7520
7543
7544
7578
7587
7602
761
7622
7630
7652
7702
7785
7817
7830
7862
7871
7872
7873
7912
7930
7950
7967
7993
8003
8032
8055
8142
8165
8179
8224
8260
8268
8281
8296
8300
8321
8344
8415
8420
8423
8439
8467
8473
8481
8492
8497
85
8518
8524
8555
8588
8593
8608
8618
8634
8639
864
8712
8738
8740
8746
8812
8828
8848
8923
8927
8933
8945
8955
8967
8995
8997
9016
9036
9072
9087
9090
9125
9139
9157
9163
9177
9249
9253
9254
9258
9271
9325
9330
9362
9387
9406
9414
9449
9516
9530
9577
9652
9677
9685
9697
9771
9812
9854
9863
9888
9928
9934
9953
9963
