100040
100086
10013
10015
100293
100294
10034
100710
100863
100957
102474
10560
1068
10809
1114
11301
11340
11477
11484
11582
1168
11858
1204
1205
1220
12286
12385
12520
12650
12815
12830
13037
13101
13467
13511
1361
1383
13863
13961
14004
1402
1404
14170
14247
14256
14373
14418
14518
1453
14611
1465
1489
1490
15513
1552
15614
15645
15780
15845
15878
15934
15936
15964
16145
16167
16179
16204
16243
16292
16301
16318
16416
16493
16507
16531
16647
16784
16805
16832
16867
1688
16898
16908
1692
1695
1712
17394
17431
17509
17723
17728
17734
17954
18065
18086
18111
1812
18133
1816
18204
1824
1826
1831
1835
18388
18438
18451
18524
1865
1866
18668
18710
18835
18882
18890
18950
19048
19064
19176
19233
1927
19282
19285
19297
1931
1933
1934
1939
19563
19574
19602
1963
1965
1989
19940
1997
20081
20087
20122
20213
20557
20718
20742
20756
2086
21000
21132
2114
2123
21278
21457
21591
2167
21750
21760
21827
21859
21861
2205
2206
2211
22302
2240
2245
2252
2254
22547
22566
22594
22642
22822
23034
23100
23213
23257
23286
23298
23329
23461
23562
23608
23645
23833
23889
24060
24144
24167
24274
24300
24348
24482
24503
2454
24576
24621
24627
24634
24685
24703
24785
24856
24887
24986
25028
25102
25374
25400
2543
2546
25480
25492
25536
2560
25640
25804
25855
25873
25874
2599
26074
26124
26391
26394
26511
2653
26543
26581
26843
26971
27023
27035
27222
27305
2738
27380
27497
2750
27510
27573
27654
2771
27767
27804
27825
2789
2791
2792
2800
2821
28365
28414
28435
28672
2879
2880
28808
2885
2901
29046
29109
29111
29184
29669
29969
3001
30068
30102
30160
30267
3030
30367
30527
30599
30600
3118
31238
31548
31636
3164
3168
32115
32436
3254
32803
33140
33324
33929
34182
34240
34427
34510
3497
35082
35209
35452
3566
36108
36119
36120
36146
3664
3677
3680
36986
3740
37502
3763
37801
3815
38313
38322
38420
38634
3889
39383
3950
39545
39989
41141
41211
41653
43320
4341
43635
43985
44003
44079
44315
4538
45611
45623
45796
46657
46976
4715
47266
47281
48069
4809
4817
48311
49170
49347
4947
4948
50019
5019
50281
50957
51375
5138
51400
51904
5219
52202
52289
52402
52508
53037
53568
53897
54013
54080
54168
54654
54934
55564
557
55738
55785
56343
56557
56578
56649
56940
57200
57301
57448
58174
58255
58398
59100
59190
59644
59825
59937
59939
60514
62015
62259
62321
62346
63397
64297
64738
64808
64912
65030
65964
66045
66134
66720
66851
66862
67484
6772
68554
69388
69477
69478
69573
70476
71088
71113
71190
71258
7145
71878
73155
73227
7346
74849
75513
76285
7641
77884
790
7916
79939
80001
80371
80890
81800
81819
81885
825
83849
83960
84176
84178
84653
85058
85313
8583
86288
86531
86655
86693
87455
87806
87858
88316
88514
88614
89023
89748
89756
90442
90667
91072
91260
91316
91388
9156
91763
92076
92105
9224
92273
92309
92313
92648
9275
92766
9277
92894
92914
93045
93212
93261
93539
93659
93675
93883
94246
94325
94514
94515
94554
94560
94568
94589
94596
94775
9488
95337
96246
96344
96384
96437
96742
96937
96951
97065
97124
97154
97300
9758
97586
97765
97880
97928
97974
98030
98499
98831
98854
99149
99220
99333
99346
99358
99521
99574
99663
99943
BUGID
